90 97 584
234 465 407 390 393 81 250 570 36 625 64 440 733 993 529 232 284 939 707 432 625 58 343 176 97 491 263 853 872 651 789 459 117 197 202 864 631 454 435 668 432 852 462 166 846 992 399 132 932 108 917 911 519 261 440 617 106 705 823 331 357 613 791 827 163 346 44 796 801 480 817 586 334 280 753 533 274 506 18 559 967 936 471 487 551 913 457 658 971 633 990 329 600 134 509 764 481 
555 913 636 388 732 223 75 13 330 610 640 189 981 201 157 919 25 997 823 291 807 834 263 441 177 945 42 312 456 160 146 364 74 783 753 807 360 830 174 43 793 167 233 775 369 743 47 748 741 871 40 549 58 305 991 236 251 387 901 60 548 401 425 623 185 532 784 898 715 959 942 509 127 528 637 850 272 686 951 14 910 992 916 322 650 909 559 903 649 814 316 198 216 95 822 754 628 
959 6 696 919 949 558 400 479 196 603 104 235 555 120 499 900 389 822 552 651 734 808 301 549 125 500 118 221 676 874 202 636 881 251 909 183 810 662 15 360 266 121 948 174 594 448 75 984 623 628 637 359 789 939 261 916 793 381 490 470 608 694 459 490 298 369 26 110 384 43 471 651 517 772 178 464 222 255 449 846 236 439 558 27 732 821 296 526 203 787 349 812 834 809 655 134 532 
682 597 917 78 69 922 596 194 101 61 417 709 864 617 299 656 176 679 741 350 976 620 554 116 970 719 952 133 727 439 18 411 37 288 842 107 211 792 654 666 206 73 728 423 43 28 81 572 708 823 924 37 445 831 155 768 552 108 254 632 548 273 396 586 563 240 46 127 33 701 794 592 127 876 17 171 905 99 97 967 275 22 357 73 854 513 195 759 974 450 393 875 77 790 814 641 383 
213 121 769 268 269 363 748 146 381 273 404 833 371 724 461 394 83 536 601 949 84 362 277 535 108 153 965 251 321 959 636 535 82 406 156 352 770 906 851 504 532 256 338 904 982 153 651 418 42 253 368 127 616 646 15 77 153 982 330 827 942 967 715 377 726 873 82 498 132 934 355 665 192 47 922 527 201 574 946 244 180 667 724 798 667 740 228 821 75 559 1 371 527 717 749 255 591 
833 106 76 768 814 94 313 862 17 841 416 944 140 661 126 809 386 277 829 480 506 3 556 67 5 928 947 723 31 555 316 217 662 745 986 830 841 653 693 859 495 111 805 989 125 932 151 865 562 981 346 69 985 255 137 991 537 438 715 569 994 384 787 10 131 126 841 973 780 887 185 629 351 991 619 478 276 123 696 191 105 43 262 91 651 752 435 189 191 503 759 539 889 899 550 373 27 
744 347 160 632 533 790 985 878 762 816 507 886 513 700 344 909 315 788 561 68 224 104 613 729 864 153 971 765 56 345 145 801 45 306 786 931 98 124 162 213 293 671 453 159 724 798 69 40 588 984 461 165 89 427 247 306 581 219 424 990 917 570 144 963 878 932 896 329 57 59 895 352 83 349 864 160 501 935 553 442 272 16 608 714 444 209 21 379 429 447 722 348 370 868 312 249 801 
561 931 211 622 828 916 58 530 782 220 32 70 774 475 343 791 437 410 589 647 432 321 429 232 396 130 604 265 796 206 419 358 139 632 333 968 549 393 499 684 614 885 755 741 713 451 886 151 862 828 151 648 150 934 881 899 65 838 166 214 46 586 574 186 571 260 507 122 6 7 159 621 245 916 716 960 368 603 464 584 432 617 233 935 904 115 835 970 955 2 186 354 942 113 541 514 726 
49 989 734 409 150 708 656 67 425 969 788 29 434 373 462 52 607 398 309 76 587 281 384 942 820 739 885 286 633 401 13 35 391 748 445 894 458 454 962 884 424 104 267 212 830 82 617 791 834 928 220 422 562 605 365 383 697 252 22 331 6 36 367 750 138 165 646 949 973 609 186 750 66 454 963 898 538 582 690 373 511 911 148 74 869 514 810 567 119 185 251 126 222 971 878 713 489 
525 663 463 487 851 567 907 658 531 806 549 466 849 275 330 113 424 405 983 292 568 903 412 754 507 892 330 831 771 44 321 649 61 138 489 265 706 397 276 590 556 827 58 406 455 389 872 881 148 208 174 69 464 939 177 972 832 508 804 956 905 479 958 319 618 449 585 677 199 863 268 757 43 679 516 499 422 742 733 923 951 260 993 417 201 171 742 386 32 900 696 291 732 7 611 703 809 
550 381 10 414 2 120 810 35 989 662 458 732 397 734 685 658 728 455 212 253 550 952 638 803 649 930 536 657 543 240 820 94 622 831 861 978 304 24 14 294 687 473 28 437 208 66 97 289 874 662 895 425 615 887 582 617 818 119 628 714 361 449 161 336 633 375 315 938 752 330 585 441 156 966 231 717 33 681 360 260 345 608 39 313 496 622 284 316 742 265 383 456 67 898 794 701 274 
110 992 380 442 578 174 951 546 406 670 932 89 383 194 435 992 586 101 490 209 386 159 304 652 543 762 720 794 557 774 422 20 119 803 815 699 978 768 598 385 791 531 475 175 78 263 168 17 366 659 227 105 819 885 111 716 648 184 863 558 960 286 579 80 90 396 132 69 517 83 808 309 968 284 485 47 901 654 418 268 667 646 726 839 884 838 908 533 24 773 444 337 60 25 770 152 774 
256 574 292 340 383 602 309 21 440 710 923 95 129 544 115 128 271 956 14 111 865 900 488 991 346 826 53 724 597 558 851 854 133 144 548 870 99 858 892 540 569 168 988 699 713 105 829 985 414 196 449 632 97 938 625 796 117 679 873 68 238 725 275 724 870 824 595 322 684 488 863 606 9 853 307 723 311 489 62 726 38 512 359 488 804 985 286 922 665 160 991 256 239 268 982 462 93 
578 786 130 420 650 738 430 856 398 507 168 240 570 895 279 83 256 768 888 594 407 164 261 921 156 518 161 777 853 624 224 785 411 707 206 415 446 989 272 197 497 442 438 68 690 718 505 947 488 746 543 248 911 157 170 421 28 332 551 883 958 128 21 722 837 228 490 284 570 764 835 421 559 274 490 250 994 348 551 835 96 95 84 360 605 256 134 634 941 39 870 252 168 892 328 6 473 
819 644 397 584 480 819 496 755 662 748 102 12 300 290 461 748 728 174 354 337 310 341 279 350 565 885 871 810 214 879 637 34 524 35 972 357 855 469 465 518 218 569 883 871 212 345 620 293 521 327 631 184 670 264 887 588 150 759 399 717 991 37 752 516 425 77 226 281 548 693 153 119 615 37 344 180 736 965 475 610 294 107 147 317 724 35 906 227 147 658 945 140 49 699 9 475 129 
237 110 678 283 616 151 899 6 496 80 743 814 556 354 109 17 854 779 742 242 38 323 391 50 269 884 100 321 894 928 452 484 391 483 768 8 635 668 16 484 102 112 300 659 468 762 29 675 895 125 919 934 449 311 985 719 196 438 394 443 720 847 929 112 331 698 122 320 720 491 157 823 604 458 835 425 574 866 102 470 992 22 757 794 686 96 514 235 535 261 31 256 109 961 722 794 13 
197 467 86 689 625 910 294 437 98 721 364 965 176 835 310 551 945 105 238 42 973 826 931 587 858 540 698 173 263 845 539 813 313 626 503 291 889 151 81 988 873 446 307 402 634 618 954 581 77 545 976 403 724 260 991 583 802 42 109 418 888 649 233 554 628 89 199 518 241 281 508 467 729 816 870 364 787 177 298 865 723 628 621 448 889 966 385 44 9 847 816 251 498 402 158 479 492 
358 -1 87 641 508 555 723 677 427 440 465 957 740 684 682 721 306 483 611 625 869 9 988 70 178 240 569 581 399 401 426 111 401 514 753 262 71 477 940 851 270 407 809 11 92 844 85 751 329 50 378 551 60 367 622 239 960 544 173 712 947 600 824 701 468 930 965 892 760 906 96 32 666 258 396 759 104 483 864 786 534 595 690 947 963 314 539 276 211 65 989 159 666 167 862 487 450 
180 380 212 87 477 597 755 89 994 867 546 830 84 333 717 680 24 17 996 691 557 273 904 623 616 416 643 136 631 131 587 812 865 152 253 695 750 9 785 98 229 332 929 315 18 0 348 44 18 346 88 929 972 993 553 589 763 549 78 395 34 667 209 900 820 463 948 924 825 735 23 407 420 305 723 440 306 73 837 326 772 278 608 745 273 162 688 37 65 767 785 100 787 347 1 609 811 
950 534 989 38 910 398 812 216 474 605 876 900 795 555 673 74 164 772 700 679 461 90 745 581 877 846 370 225 200 980 390 504 867 732 895 130 483 708 347 959 666 576 212 462 132 239 890 297 12 591 978 826 683 724 408 913 924 779 491 125 112 234 630 332 968 879 463 804 588 164 764 256 741 330 71 875 570 962 525 583 555 856 410 591 582 171 857 859 952 349 985 417 937 969 751 258 849 
567 63 790 732 181 399 827 512 472 55 83 787 581 19 695 439 782 287 374 954 497 586 259 200 572 678 138 894 430 397 96 350 461 240 84 643 640 264 156 465 320 592 254 254 612 950 694 747 591 421 703 89 360 963 290 934 994 781 181 777 179 631 129 642 872 214 638 865 479 148 332 152 741 939 407 707 242 455 455 186 229 511 277 591 828 920 878 823 703 60 602 883 44 84 878 917 651 
518 136 131 19 469 636 761 761 44 821 4 500 278 544 731 142 822 323 971 95 202 148 151 615 103 36 13 188 267 931 840 138 68 324 158 890 961 273 4 358 95 362 860 726 907 944 870 82 620 194 178 175 343 331 143 799 720 157 988 340 442 181 480 863 858 991 755 172 265 112 532 714 475 745 441 383 42 312 466 663 508 998 839 204 330 335 5 403 494 346 744 937 881 577 801 740 570 
909 266 188 23 799 903 851 897 346 588 940 11 407 604 520 406 796 78 89 132 84 493 979 783 239 917 665 169 72 759 740 334 26 930 710 178 186 563 76 533 152 369 546 560 974 419 968 123 850 410 256 935 905 237 72 497 507 90 667 932 850 761 268 229 692 979 408 231 543 837 766 48 207 665 610 534 437 931 658 289 342 268 577 600 858 650 450 366 94 119 300 945 881 569 528 926 549 
937 510 446 128 277 495 688 295 458 224 86 742 235 728 86 504 306 39 363 310 491 83 405 963 384 703 197 306 232 476 208 523 987 7 652 618 504 693 914 315 918 353 59 155 82 498 12 742 538 377 53 382 461 811 346 198 515 896 857 749 373 418 273 362 427 278 981 932 972 248 600 244 955 660 752 38 159 765 781 51 495 187 786 309 -1 134 860 516 383 718 618 758 138 244 473 566 523 
807 851 848 408 452 93 364 466 198 756 626 965 538 30 813 79 818 124 79 305 985 948 689 705 567 800 196 812 274 763 688 82 967 890 844 772 336 209 239 536 966 219 854 858 250 668 290 421 793 370 79 132 672 770 838 240 923 387 406 199 503 447 634 471 338 479 244 676 42 485 213 361 705 420 572 308 89 863 83 884 587 163 369 260 286 208 853 211 948 612 411 452 413 398 924 752 231 
169 781 274 7 347 988 65 768 562 727 859 778 811 96 366 975 466 979 615 27 186 827 976 799 239 429 213 990 706 319 222 228 101 849 589 802 839 655 571 754 735 783 533 547 232 253 876 699 233 492 79 772 672 408 573 912 838 139 255 897 811 831 127 266 681 717 69 873 725 641 628 462 426 163 362 11 769 591 712 355 436 144 129 109 554 55 374 745 195 631 644 360 463 124 627 497 842 
697 372 920 339 1 383 118 517 99 131 287 691 196 644 481 341 126 591 248 182 319 995 378 951 992 91 767 117 719 617 312 417 990 585 110 993 970 581 863 422 65 152 466 262 149 948 957 276 541 558 459 213 906 190 165 899 283 285 369 355 903 34 774 247 621 885 241 592 467 457 367 886 962 834 501 112 784 459 741 678 371 553 892 278 97 410 179 733 48 901 89 304 937 216 552 559 102 
794 504 923 605 872 810 568 707 312 34 844 125 776 523 849 683 768 128 133 179 660 867 580 563 309 886 501 527 439 413 982 587 918 258 193 143 421 762 203 87 797 49 213 927 925 415 963 47 544 97 579 206 317 161 122 627 48 976 507 840 390 491 428 661 750 622 805 173 738 361 613 888 763 827 168 690 595 132 90 140 582 670 699 900 184 822 881 233 799 389 75 190 881 856 852 985 832 
10 511 571 373 125 812 137 305 982 180 901 467 271 42 51 295 743 952 480 918 186 67 719 577 495 910 811 352 116 149 185 127 661 109 853 139 923 992 445 906 173 699 374 798 95 778 94 191 84 927 110 271 995 182 849 843 446 14 197 563 164 735 43 179 846 898 319 770 243 118 29 769 170 404 568 266 184 15 458 269 944 922 893 292 105 96 137 552 111 687 468 628 423 513 808 270 764 
481 393 8 600 775 778 123 181 700 391 718 716 202 340 661 477 234 307 584 331 445 489 795 133 959 425 557 825 234 181 942 68 927 303 21 704 434 146 238 135 538 309 853 93 650 867 572 237 175 509 922 973 -1 718 107 311 496 18 489 732 200 432 153 480 736 176 185 172 323 776 308 214 86 514 308 89 735 233 328 911 743 603 886 96 674 346 408 172 365 899 257 918 684 411 400 422 588 
938 947 912 716 608 127 803 124 789 894 212 23 575 476 768 179 363 865 854 63 626 379 429 878 637 701 564 50 102 339 991 41 639 905 110 248 385 915 725 175 162 938 200 738 416 321 270 132 539 477 196 518 858 979 398 496 681 315 899 136 7 892 178 647 150 642 248 536 558 975 65 73 914 618 812 683 940 435 169 832 913 366 351 772 698 102 270 732 418 522 869 426 415 401 426 566 44 
676 456 955 652 522 29 919 493 194 956 786 630 126 619 544 845 971 670 545 75 293 630 846 816 501 626 233 903 53 152 948 82 609 256 87 484 286 8 978 833 317 765 464 444 385 361 642 710 32 540 138 326 172 985 144 674 964 730 578 19 883 879 454 494 136 543 979 775 904 311 609 222 77 74 19 816 788 662 527 174 204 666 501 729 4 998 404 970 81 335 342 966 215 149 813 704 693 
145 480 598 457 90 173 536 517 193 353 306 209 233 481 766 252 336 496 609 687 253 932 770 589 627 89 157 778 903 214 472 401 47 424 860 138 950 749 8 145 455 667 707 689 502 826 294 191 323 904 879 929 838 2 871 466 444 381 245 348 596 71 751 644 848 964 135 799 714 496 297 170 164 5 212 19 832 507 211 508 764 444 790 603 799 662 423 245 396 21 946 993 445 50 990 294 15 
478 447 82 975 745 605 493 104 818 865 289 678 78 151 796 875 942 400 675 958 176 273 355 199 221 702 997 624 693 645 641 525 93 724 853 839 683 699 944 854 566 587 534 645 739 331 873 682 84 901 993 614 176 350 166 750 53 164 375 99 810 369 625 904 95 832 97 131 532 42 986 99 630 873 97 722 205 971 406 643 874 752 258 403 103 425 154 509 942 882 610 754 253 588 659 701 773 
109 833 307 505 820 407 488 695 858 212 253 830 971 897 57 724 508 461 829 286 968 691 230 852 654 985 106 244 997 808 370 108 994 678 614 815 439 455 863 298 668 118 481 640 368 540 366 230 354 548 517 676 240 748 881 896 86 988 493 437 149 864 898 144 896 865 312 336 321 177 987 991 648 469 632 17 362 351 248 718 252 767 747 846 868 629 95 308 970 589 746 472 806 645 969 55 511 
282 744 833 812 732 825 461 203 811 832 566 515 81 637 769 201 385 616 423 367 712 732 338 654 479 163 813 125 133 222 989 417 967 823 582 701 2 45 257 814 878 176 330 312 815 452 867 553 69 291 922 134 24 613 789 504 778 956 982 912 179 972 682 147 148 266 201 151 664 459 318 895 637 650 208 805 103 76 359 526 720 634 661 745 601 804 602 380 761 937 645 293 262 681 441 412 300 
996 564 965 456 884 213 446 887 774 252 343 852 965 870 925 600 885 672 202 42 627 935 804 566 934 450 829 616 244 594 917 241 160 235 51 397 449 498 637 224 752 981 429 718 205 356 671 443 381 227 486 9 163 643 576 98 94 759 67 339 354 985 582 867 221 986 617 23 485 255 249 238 590 31 309 796 388 982 592 770 210 79 781 726 723 710 178 818 822 246 510 178 585 445 398 159 432 
17 184 919 273 786 510 216 818 821 13 560 156 606 331 719 38 465 798 762 529 977 933 352 577 445 883 163 243 283 323 677 653 860 949 279 647 460 497 819 634 863 380 791 823 64 863 862 531 663 626 413 993 560 766 571 358 3 87 603 639 412 633 293 273 583 573 274 44 71 94 680 936 475 824 760 540 41 623 424 57 602 838 51 516 958 976 875 962 64 831 602 829 465 896 104 49 822 
731 447 895 826 128 184 654 305 297 547 347 921 325 757 877 164 810 394 123 787 622 438 852 455 41 683 273 290 140 324 114 224 772 362 403 253 547 410 911 845 958 612 119 284 370 997 802 181 744 278 321 720 718 527 528 112 563 802 404 704 479 871 281 604 234 685 210 782 96 123 980 407 88 100 693 459 451 848 994 548 127 316 269 846 844 798 960 760 954 717 817 434 589 99 392 824 785 
603 959 234 79 940 643 168 393 689 629 197 538 624 747 666 293 369 866 491 169 827 252 476 897 71 263 487 171 656 312 310 261 624 545 341 565 541 863 311 231 493 510 122 470 258 790 116 628 657 960 150 837 214 627 87 638 892 575 162 901 240 825 515 865 724 210 431 266 74 743 851 568 606 974 391 865 765 860 847 775 822 350 965 37 331 53 28 224 981 191 478 222 18 995 88 95 206 
872 362 281 969 214 202 576 542 946 795 308 807 643 437 630 346 755 20 678 810 49 255 792 594 735 368 965 731 457 61 938 683 424 572 5 992 775 582 535 74 730 196 882 726 986 514 74 743 535 753 906 938 10 51 533 746 420 499 830 231 561 769 915 338 694 921 331 822 856 219 897 588 417 780 315 404 647 390 148 536 497 407 475 508 460 9 607 881 861 438 465 423 560 733 762 255 7 
447 78 865 667 328 806 85 109 474 843 110 866 344 647 716 753 123 225 214 485 833 448 347 272 915 771 833 649 886 441 658 686 872 876 355 201 683 793 663 158 637 774 377 983 422 94 737 898 672 304 384 506 753 732 131 669 856 317 672 96 759 331 783 632 208 139 834 244 286 499 755 924 626 486 260 402 581 350 301 607 655 39 466 762 124 599 432 982 917 105 431 30 789 215 663 350 708 
851 595 995 703 704 272 330 191 886 733 125 237 388 733 246 428 201 9 553 153 794 888 423 253 320 454 43 537 471 395 598 323 343 946 27 400 219 710 592 458 445 71 49 834 157 296 263 711 658 817 865 453 59 642 707 380 97 104 270 921 852 869 245 548 168 625 950 741 337 895 200 135 967 250 970 126 899 586 838 558 756 57 365 816 700 73 198 150 178 469 73 383 692 671 933 861 650 
884 603 988 780 157 124 749 408 447 228 309 34 419 220 791 477 586 609 530 13 160 682 544 982 108 929 675 132 863 890 783 748 846 772 881 356 249 983 766 697 212 428 732 633 1 877 463 589 487 995 603 0 30 148 983 139 430 12 624 294 255 409 43 454 182 926 812 785 910 931 483 476 712 569 462 714 447 926 656 287 274 612 640 305 114 624 797 545 637 423 841 245 833 237 701 368 516 
514 506 780 798 991 257 511 913 720 226 713 -1 236 1 627 849 642 933 964 619 84 511 610 508 353 856 694 943 558 415 461 425 923 242 576 267 852 88 181 573 668 895 925 905 249 553 755 244 840 721 864 925 585 475 786 291 685 833 235 596 249 697 375 525 292 952 793 145 42 327 71 711 223 998 969 825 904 725 70 745 799 288 23 385 764 810 29 802 996 266 400 247 964 776 125 258 81 
920 756 124 248 829 188 825 828 158 651 733 237 75 832 389 364 856 128 481 20 158 285 17 777 38 617 743 167 744 354 249 17 463 375 266 293 916 444 122 428 449 209 18 877 394 408 242 603 889 76 624 49 362 995 827 753 613 923 921 358 630 172 376 95 900 996 389 817 793 865 598 595 427 617 473 822 379 68 426 269 146 404 671 861 400 852 616 14 128 538 726 112 63 455 208 964 804 
950 135 599 168 734 195 948 705 22 771 85 91 551 355 238 956 380 101 709 233 70 76 362 609 803 475 674 260 36 991 417 340 127 17 861 215 566 811 921 941 935 359 33 839 67 625 148 448 79 858 34 150 936 750 112 92 226 139 353 616 132 124 309 612 142 523 828 61 687 102 3 624 814 390 816 883 368 966 684 800 825 720 951 114 471 416 208 50 557 914 19 690 39 681 303 535 206 
485 597 894 940 954 871 756 697 689 640 418 656 677 219 834 750 523 950 222 940 511 626 498 426 998 541 467 681 198 3 240 684 953 135 977 260 8 734 310 50 727 729 707 406 301 894 157 825 197 733 767 709 712 618 137 711 513 957 745 712 313 986 749 619 475 727 881 836 815 544 887 543 627 947 302 929 194 813 756 393 547 876 103 612 847 241 676 361 551 775 74 865 114 824 486 590 905 
720 779 721 265 667 617 245 967 921 176 163 735 285 557 635 514 661 600 362 256 277 725 160 405 800 27 521 978 866 112 236 587 893 958 205 913 928 452 882 850 981 398 938 267 956 926 782 970 879 145 579 510 223 741 916 25 121 438 356 988 904 593 928 150 904 134 64 185 939 299 389 921 698 328 541 7 608 324 331 840 823 263 351 47 357 269 425 479 60 134 820 965 80 749 116 337 237 
534 524 177 834 914 100 886 595 642 246 556 320 930 398 144 195 750 544 905 372 323 738 434 458 559 400 540 662 870 878 900 405 755 78 240 670 179 479 619 175 79 176 496 10 575 993 558 679 538 465 52 214 204 487 674 116 241 567 779 112 798 32 518 555 112 111 578 644 592 198 172 24 728 669 35 304 15 595 336 907 413 390 122 618 878 149 87 120 717 868 585 869 253 104 425 718 569 
356 364 514 908 889 539 637 912 575 942 928 523 280 836 937 23 960 908 254 462 997 728 181 218 314 51 472 420 829 192 990 538 909 857 447 799 397 85 712 973 381 994 850 14 831 788 38 144 50 293 608 48 22 142 619 338 546 444 111 728 989 454 267 899 312 716 52 62 802 117 388 184 112 239 199 297 381 590 794 432 885 755 833 260 898 805 951 797 250 415 526 241 222 795 493 887 512 
898 950 315 17 340 853 482 932 405 132 314 997 928 99 235 684 285 496 936 91 801 734 695 217 262 937 441 58 431 329 923 331 633 239 701 974 445 536 907 852 670 575 850 599 27 86 636 314 935 925 406 737 13 102 956 276 392 750 687 177 432 963 861 66 555 563 393 2 100 654 855 123 230 58 75 258 145 713 925 81 991 685 172 5 140 129 634 534 232 674 64 665 638 926 85 195 842 
479 550 943 134 406 68 717 465 496 329 963 210 607 397 555 293 570 561 435 52 549 322 637 224 739 304 216 666 390 764 509 222 315 805 710 722 226 780 540 724 462 856 287 71 254 843 365 178 758 153 583 308 828 222 885 568 879 454 587 622 219 97 845 535 904 556 610 483 690 151 208 153 360 497 225 968 693 944 499 452 450 83 113 632 658 352 201 538 807 790 513 28 240 360 916 497 269 
528 982 960 32 191 115 394 41 693 363 736 990 863 541 442 299 656 75 311 361 629 202 521 772 717 550 14 430 820 864 700 349 847 14 382 392 482 129 434 176 845 171 520 61 66 963 714 723 391 26 437 21 229 959 795 947 863 162 378 684 27 432 34 228 799 769 621 282 252 56 811 98 581 332 513 648 648 228 724 40 255 162 415 485 474 563 786 338 726 517 23 106 302 410 335 102 533 
957 737 138 367 902 237 301 235 751 950 237 332 675 278 588 190 46 427 665 610 214 5 689 84 381 797 388 145 485 843 31 796 582 170 164 485 760 466 73 865 769 663 198 797 943 788 988 342 216 6 954 783 364 644 868 99 794 609 245 281 454 277 78 389 800 595 227 561 414 653 427 184 318 627 334 614 768 323 957 985 682 912 769 48 558 990 148 353 953 746 987 408 376 418 150 177 366 
378 739 781 384 520 318 703 148 653 318 917 329 277 255 13 190 377 414 101 720 563 808 674 662 796 435 39 568 586 569 935 317 309 70 703 182 389 759 683 396 79 953 78 357 209 92 900 939 859 3 661 775 164 336 438 961 125 830 882 64 400 819 383 63 890 439 246 632 551 931 29 631 885 109 341 448 554 243 740 767 599 402 543 764 92 335 78 218 166 962 283 568 134 19 632 25 811 
879 10 364 163 41 996 402 503 691 203 410 935 944 530 535 348 75 652 793 411 731 364 930 46 648 499 181 21 484 559 833 717 571 198 881 965 548 636 469 240 840 232 528 786 764 64 487 192 69 633 604 153 998 887 201 647 388 383 669 225 296 856 943 868 55 826 834 956 815 656 549 657 889 78 796 6 495 284 199 565 918 156 720 917 45 922 917 786 658 940 12 955 797 957 176 205 136 
11 515 952 668 65 962 911 145 759 918 641 44 471 208 315 628 281 585 26 556 504 813 215 445 179 524 595 137 701 153 626 66 669 931 735 736 895 -1 882 655 919 876 53 743 437 369 372 719 956 400 628 813 566 197 611 746 722 207 236 776 361 215 843 384 148 932 121 44 932 356 52 204 233 106 948 24 477 674 96 786 427 726 600 994 924 212 94 -1 772 683 776 486 900 973 871 401 258 
345 798 191 702 851 749 289 959 698 314 437 373 411 576 801 490 177 149 415 390 596 415 163 280 545 2 533 871 875 935 130 221 86 322 277 939 424 567 899 124 234 689 850 998 266 5 490 796 507 906 187 104 675 703 737 221 706 624 93 934 560 576 157 0 251 435 940 677 355 192 154 590 882 357 941 501 363 432 298 223 692 838 680 368 894 419 942 953 44 388 889 957 965 399 958 217 187 
251 247 895 444 402 838 679 761 780 181 477 214 832 702 907 23 383 628 270 155 571 225 552 960 467 511 278 219 822 496 759 75 745 655 872 500 846 553 262 627 87 741 194 273 796 454 297 532 83 569 689 655 147 594 968 967 106 247 539 282 97 299 710 195 307 583 696 506 137 312 134 578 406 330 852 555 137 150 88 222 72 130 230 572 726 200 540 185 800 432 820 250 732 531 798 392 468 
848 899 606 161 387 185 920 70 38 476 208 542 917 431 967 49 663 541 128 216 434 666 369 868 488 621 953 20 420 347 489 269 599 449 783 987 987 56 58 379 533 268 274 804 52 242 206 68 784 335 285 220 354 656 441 843 630 395 217 403 743 707 26 344 509 810 684 850 220 744 230 106 365 857 911 418 100 118 488 238 806 126 811 162 135 253 358 766 649 576 171 746 637 198 91 147 361 
776 350 582 873 933 690 239 791 954 11 893 426 500 484 585 979 296 748 116 550 108 883 200 37 407 947 675 958 391 824 673 521 527 608 395 462 651 988 254 607 0 500 386 853 985 972 833 282 722 950 185 183 187 387 221 947 687 250 259 432 427 933 306 955 894 54 418 547 43 26 507 396 527 894 250 866 867 85 149 942 388 688 478 576 428 53 877 116 304 137 901 732 71 208 688 966 616 
460 866 660 487 374 410 367 269 661 234 490 99 737 433 489 426 913 418 855 967 296 324 624 434 579 357 858 788 46 178 757 507 45 419 347 773 182 716 395 844 951 886 297 41 321 787 468 587 558 676 907 208 2 532 643 582 890 855 723 289 386 482 150 784 254 498 558 437 567 955 634 520 194 932 914 868 72 384 456 632 61 364 841 416 249 837 351 140 45 428 783 432 263 934 218 518 785 
129 308 354 437 943 227 633 229 142 502 302 879 312 287 294 29 481 63 280 672 416 773 718 845 557 504 109 844 75 980 983 205 641 690 644 585 918 630 167 413 485 471 646 798 111 941 181 594 5 462 267 774 588 338 972 499 843 434 344 271 767 680 478 409 371 475 996 642 458 164 57 944 988 704 96 101 998 278 48 356 93 316 484 682 7 457 182 852 245 880 124 13 913 955 424 286 783 
773 929 242 290 987 188 632 44 285 734 395 564 783 105 10 452 590 693 460 400 229 665 646 462 143 13 376 451 438 663 236 564 946 479 855 286 668 488 332 306 575 80 871 711 186 234 516 129 929 330 531 511 996 530 326 492 544 55 945 335 720 182 900 19 662 109 306 332 950 639 639 527 73 864 591 260 99 109 743 381 440 275 245 789 158 572 283 704 629 229 392 702 764 294 722 427 756 
29 112 707 22 105 587 448 322 180 61 774 642 805 157 83 81 755 225 241 681 509 298 311 91 691 366 856 338 441 637 95 823 750 156 198 208 744 647 531 925 710 307 920 516 817 4 951 573 583 545 255 445 844 919 538 888 638 747 228 432 385 676 257 137 833 808 346 579 457 231 857 520 539 779 389 709 136 341 635 72 239 892 519 436 164 58 326 156 806 907 589 193 936 199 683 123 361 
382 55 171 614 913 692 506 45 434 568 535 129 205 608 369 450 480 159 967 539 838 124 699 746 67 245 35 619 281 159 981 664 215 153 632 482 198 491 880 986 61 768 116 619 730 486 70 211 998 38 104 837 516 804 936 584 402 973 556 684 485 539 701 54 45 686 889 597 179 770 584 593 892 701 213 623 540 636 187 540 675 292 378 192 449 316 129 852 642 687 537 128 579 240 183 625 927 
73 575 459 197 160 405 442 862 971 418 756 608 606 649 637 252 28 182 702 697 313 556 340 353 446 470 933 39 6 911 320 433 488 780 983 1 187 426 217 511 845 974 121 804 624 111 57 5 294 113 704 960 670 45 666 469 868 600 510 876 865 831 310 706 964 294 708 504 73 926 17 919 901 491 76 878 603 135 885 250 249 590 564 272 988 231 94 858 185 605 87 51 789 750 110 755 397 
819 612 471 747 630 743 1 474 820 881 78 956 119 682 558 62 247 183 51 831 279 262 17 885 350 421 28 101 532 784 851 353 397 323 453 381 67 455 856 241 689 288 550 809 323 110 872 571 294 277 755 926 540 774 813 892 548 194 346 434 331 199 140 729 523 594 463 944 402 673 538 93 962 89 255 286 552 481 210 200 759 966 127 300 93 293 545 995 488 893 430 820 93 571 903 969 518 
367 266 921 41 805 367 356 248 976 995 801 458 206 2 570 526 483 871 972 777 770 968 267 664 399 440 110 323 344 432 842 65 700 765 459 858 485 817 459 462 813 262 273 373 617 844 252 453 69 225 232 840 195 852 505 947 293 968 272 991 401 115 57 454 233 517 314 72 687 126 887 854 389 162 580 360 7 833 814 77 59 399 918 607 252 776 556 899 745 181 243 148 649 301 603 884 171 
270 309 212 750 197 67 140 360 648 853 721 834 21 799 894 421 71 503 27 848 412 279 595 594 523 96 244 177 52 481 701 676 791 914 427 342 334 920 703 335 127 777 170 149 930 418 923 2 922 303 203 335 935 151 282 459 248 527 989 654 10 692 683 154 959 111 497 647 384 554 335 864 332 507 14 263 926 291 618 201 947 823 889 884 327 172 696 929 52 687 584 415 732 268 571 44 732 
421 692 469 328 381 335 662 889 702 278 168 346 250 370 295 426 612 180 754 137 877 684 190 917 621 959 2 890 531 48 975 305 93 798 635 475 134 650 717 189 281 886 537 532 609 833 311 574 366 67 712 596 104 256 515 727 216 870 970 100 271 299 406 718 98 394 194 585 45 265 775 328 504 665 213 467 851 878 42 218 298 108 816 403 365 684 131 934 907 103 35 180 755 794 899 854 190 
446 792 236 712 568 917 218 587 484 38 439 363 81 11 14 190 180 418 908 217 551 843 125 7 231 306 763 27 206 970 570 654 763 159 719 684 78 290 624 915 329 65 631 764 429 646 955 610 65 217 828 969 413 954 329 998 262 445 26 821 768 597 476 884 757 549 570 188 840 195 456 171 613 440 936 43 87 244 6 506 814 835 828 229 143 511 228 758 957 607 580 79 557 410 964 667 960 
535 209 801 84 666 325 50 108 262 447 548 860 454 407 675 643 237 257 139 749 838 898 59 446 831 139 356 594 105 25 907 993 587 62 430 606 388 482 67 4 930 617 865 737 25 893 381 615 152 521 365 991 772 778 791 957 918 148 552 376 526 461 723 466 524 154 74 265 989 142 270 272 112 488 11 139 383 745 107 888 620 474 232 393 253 24 351 524 526 257 254 405 719 978 873 596 485 
300 862 828 795 486 101 909 975 465 401 711 564 509 952 185 984 186 931 590 563 636 468 442 894 723 849 966 702 75 915 540 376 778 369 172 617 824 434 946 642 836 658 207 347 964 393 684 151 678 628 715 315 97 511 562 821 361 529 876 789 797 417 518 576 140 43 547 965 479 494 608 316 505 169 16 470 915 54 622 594 683 691 262 781 203 825 955 917 707 832 707 505 250 226 435 743 270 
983 709 102 478 671 772 984 193 141 456 109 196 431 705 232 475 320 366 679 147 322 597 855 155 657 714 759 236 150 503 860 486 566 963 965 590 88 302 784 231 111 246 428 896 304 14 372 626 381 53 774 705 3 982 213 14 697 325 251 848 182 112 687 101 429 653 692 518 309 829 750 773 76 532 670 382 547 44 9 929 98 136 987 454 119 554 469 170 880 74 371 63 539 60 165 969 66 
210 841 376 40 944 151 470 477 822 205 377 219 215 660 670 704 648 126 824 203 948 995 437 375 368 853 916 429 372 886 496 583 80 226 977 26 730 800 504 905 6 235 126 222 896 797 927 897 276 104 454 578 453 892 954 174 98 871 956 471 111 805 408 544 32 386 571 115 539 429 22 546 665 501 121 562 299 49 460 929 506 915 860 312 160 815 487 260 40 444 84 504 251 493 49 636 232 
622 753 772 52 128 319 70 630 441 633 282 843 446 212 703 715 73 16 228 242 505 489 283 302 927 788 906 421 190 544 7 813 650 780 218 779 101 289 410 895 275 693 740 723 259 796 791 685 813 20 928 671 863 564 975 791 705 882 213 897 779 221 63 430 355 283 210 809 573 973 705 202 668 798 926 280 595 718 966 762 739 248 434 955 165 762 747 872 646 314 122 426 536 186 858 244 822 
421 54 749 396 113 952 417 912 231 698 861 950 17 976 42 618 411 -1 785 175 99 10 174 414 485 953 304 672 164 549 848 587 605 598 984 719 903 754 984 135 453 198 438 823 175 481 795 940 833 581 116 934 944 643 349 430 597 654 455 115 205 656 703 163 255 40 235 511 795 220 647 601 772 86 777 948 921 573 889 755 507 358 42 452 2 745 235 953 400 44 421 958 701 125 474 310 518 
710 822 666 284 471 620 57 910 398 358 832 973 249 941 481 608 984 935 964 82 523 270 484 568 692 795 623 170 623 934 41 334 757 708 971 581 329 381 493 728 741 678 54 991 620 537 952 958 825 269 41 701 540 878 271 585 27 247 108 651 182 502 338 292 211 663 227 893 45 73 975 787 752 30 779 726 920 85 37 98 355 431 801 897 311 73 835 691 673 297 695 856 800 34 501 365 698 
729 259 745 803 587 885 557 971 666 636 244 752 674 344 108 106 146 358 770 572 547 462 246 845 510 455 998 898 957 364 597 688 977 695 844 917 582 402 889 601 391 487 706 66 832 167 526 979 879 297 552 427 113 151 625 624 607 976 523 565 342 474 606 672 522 452 590 457 207 833 411 600 321 118 19 506 639 546 486 519 197 391 299 663 543 277 640 503 254 517 69 949 992 677 622 867 482 
566 678 690 752 90 291 426 562 312 933 202 211 420 722 409 164 22 425 60 300 67 564 907 585 986 858 930 16 833 150 499 752 829 191 505 921 835 932 836 500 866 39 713 639 762 475 804 137 902 217 790 970 782 50 908 122 909 839 139 96 990 992 849 173 536 356 447 372 641 284 874 509 324 940 501 439 768 659 929 671 877 72 994 13 123 255 136 34 95 628 483 439 973 333 965 510 690 
413 236 685 698 463 547 375 404 49 815 173 61 97 198 940 170 193 306 294 450 795 681 898 776 165 690 751 500 656 614 543 422 851 229 121 315 777 849 720 180 17 247 242 115 446 535 286 992 842 582 795 638 616 47 768 783 90 520 636 100 135 180 523 340 763 998 656 541 848 730 74 867 330 318 983 129 854 623 122 50 558 271 689 175 319 458 311 762 331 948 863 820 482 388 161 246 739 
170 140 588 901 216 808 584 535 145 714 742 769 838 793 328 462 836 856 134 647 169 897 980 470 762 153 953 503 315 200 243 838 342 184 741 911 994 326 799 492 394 542 614 233 337 295 48 526 152 183 174 674 81 507 146 196 661 100 700 329 302 944 169 997 482 263 909 477 942 709 322 337 604 937 923 294 233 972 821 386 156 997 414 591 857 561 788 520 662 490 850 317 787 372 667 270 636 
929 100 580 991 423 918 597 713 843 892 947 816 67 687 326 417 102 270 275 664 59 796 679 902 0 350 43 373 18 314 11 301 768 944 293 544 863 243 259 59 489 559 229 557 247 556 975 702 827 603 719 239 401 752 143 754 103 187 128 474 854 492 776 975 437 423 521 302 667 781 714 157 693 944 715 942 853 43 997 33 648 718 274 402 471 770 157 575 310 638 402 517 132 532 494 570 956 
16 225 624 150 293 135 844 238 851 139 445 248 138 479 249 857 106 652 681 229 810 609 540 801 12 59 934 897 906 858 854 923 436 832 426 730 968 271 322 172 764 768 421 903 248 671 113 356 676 147 586 839 757 480 642 122 892 929 21 799 788 228 75 578 61 502 309 30 126 632 204 891 401 978 147 3 3 613 712 680 761 651 873 871 132 516 347 377 798 369 529 588 598 605 519 13 460 
829 44 588 815 601 832 569 933 981 573 937 947 638 970 62 291 196 934 424 713 282 155 513 4 685 454 956 292 974 970 753 156 367 694 324 970 528 895 256 862 821 194 810 461 517 873 753 715 161 530 781 444 38 647 802 725 454 759 370 781 730 124 939 450 172 616 773 701 512 30 564 687 577 727 501 96 954 255 164 116 138 946 913 178 947 716 256 402 828 627 185 911 752 477 363 277 94 
137 979 960 169 896 648 747 977 502 196 932 110 713 49 249 13 315 780 961 385 37 716 214 665 902 479 771 732 843 49 828 333 382 789 855 279 790 956 257 293 153 542 404 220 944 6 234 261 140 196 -1 178 913 566 197 169 46 321 902 242 723 83 577 106 225 785 739 16 742 349 662 249 245 419 470 190 779 705 804 920 254 804 451 520 372 1 42 419 323 946 663 48 382 593 507 609 379 
599 978 475 302 642 725 548 414 548 739 194 254 545 467 861 350 920 382 75 922 426 496 599 725 512 0 108 458 860 70 838 461 50 314 764 45 392 313 460 941 405 8 548 951 476 410 655 749 146 731 25 925 580 625 3 445 978 464 904 839 536 96 301 587 763 418 633 157 84 446 451 491 455 353 795 933 764 803 35 263 536 61 541 469 687 897 268 666 363 173 859 252 270 161 840 387 933 
826 897 18 273 349 862 730 703 659 16 821 815 52 437 352 467 332 175 155 230 444 175 946 970 35 199 594 549 40 982 835 867 880 207 494 582 70 225 287 82 594 461 899 -1 899 604 467 232 132 976 816 577 504 763 901 540 964 496 442 357 479 279 578 712 487 73 295 910 651 583 346 598 397 246 598 298 203 419 883 337 396 52 267 901 817 521 794 134 18 237 492 850 869 423 563 709 497 
