50 80 110
586 920 880 66 414 636 988 129 424 759 712 495 -1 671 582 131 116 125 316 66 747 754 950 833 860 138 202 991 278 172 100 217 94 981 284 861 971 273 991 396 34 57 244 386 729 827 518 198 305 835 617 54 942 920 240 155 59 443 147 691 617 600 909 64 935 195 926 259 821 271 656 208 329 253 595 411 81 466 610 388 
302 581 795 598 502 36 754 915 832 255 607 450 856 517 515 792 65 795 52 888 67 61 97 397 667 46 161 102 513 772 843 169 354 639 768 210 28 875 126 861 131 734 313 341 604 181 486 671 329 892 912 397 306 362 147 975 409 309 78 924 435 274 446 142 914 215 353 295 443 832 157 928 919 823 622 525 358 109 549 688 
354 814 87 662 177 235 990 588 898 421 865 334 696 664 477 963 880 184 259 676 17 417 605 938 242 228 816 601 691 366 642 46 181 730 61 711 319 52 652 218 826 518 905 523 183 383 487 416 568 99 446 939 518 404 878 113 986 695 67 678 414 710 77 948 794 140 660 114 545 314 685 373 185 591 897 722 327 738 491 249 
838 938 189 709 696 420 175 683 116 595 362 883 307 440 832 102 581 845 569 128 512 607 854 699 551 752 774 879 843 266 481 35 558 671 97 255 92 274 939 561 870 654 797 530 95 982 985 30 829 555 511 342 515 366 394 67 471 169 948 668 789 430 56 700 455 154 956 900 429 248 815 653 903 613 184 351 597 171 734 779 
79 598 474 596 317 222 664 790 744 965 811 534 749 868 235 557 23 544 458 806 145 274 460 401 241 645 106 191 169 841 971 250 793 798 199 111 21 216 902 767 183 66 654 285 935 243 843 312 140 654 119 287 282 580 41 524 578 148 716 749 343 40 352 137 191 552 249 214 121 505 334 305 924 989 943 861 585 139 174 727 
795 294 367 78 227 409 955 158 911 24 260 607 417 613 97 609 518 699 824 641 205 511 299 131 854 596 345 440 736 872 520 884 519 888 315 747 651 271 258 915 648 520 875 66 486 973 677 358 673 854 352 232 367 4 716 574 601 62 15 691 935 889 576 807 130 245 907 782 517 166 50 519 687 926 586 527 900 616 886 927 
472 591 160 192 596 877 767 551 940 135 243 228 25 172 36 157 418 944 292 289 111 344 809 152 623 396 32 877 366 919 805 839 863 966 32 460 844 152 12 137 288 256 718 315 430 755 825 201 52 118 491 516 815 301 669 792 51 54 670 418 326 476 258 190 795 643 652 992 796 17 130 437 275 849 105 58 957 931 260 10 
403 105 527 219 407 550 12 459 605 35 230 933 512 841 124 660 485 129 653 634 148 784 425 776 986 531 187 944 464 800 307 868 906 836 440 315 739 806 127 345 842 359 631 708 553 757 369 40 239 376 27 388 513 453 165 501 338 353 798 803 155 107 24 62 296 817 730 36 624 211 382 820 923 15 529 477 125 251 518 365 
628 899 107 143 705 273 997 44 980 796 200 488 256 225 903 553 396 635 590 21 847 326 194 771 694 724 601 172 329 473 890 958 373 998 454 79 625 452 477 606 602 678 95 211 257 -1 766 654 987 709 28 187 388 224 311 83 301 914 256 631 388 500 943 762 499 398 194 125 204 672 732 159 704 180 371 962 533 490 969 521 
201 350 710 942 575 22 27 230 937 636 862 326 137 158 441 990 558 637 116 115 662 202 275 367 383 -1 682 917 491 652 792 45 4 503 988 932 526 368 515 817 6 731 144 496 890 939 487 449 577 957 917 592 160 193 313 896 194 348 167 38 354 960 84 359 464 73 644 343 443 161 161 802 893 659 651 136 599 140 587 529 
98 857 474 611 52 788 508 599 138 676 638 493 637 75 205 454 501 202 799 297 716 961 100 962 973 753 100 573 246 40 455 697 898 931 309 303 720 170 903 211 848 894 57 838 970 615 294 473 171 94 771 240 408 225 204 383 331 657 957 930 698 766 628 597 698 290 254 771 461 158 984 662 406 394 502 729 363 797 555 887 
892 328 128 301 906 333 37 590 991 348 521 42 115 502 993 814 145 248 586 607 759 923 271 166 671 774 897 35 572 453 923 817 134 52 119 393 739 510 336 83 859 858 127 975 713 121 790 859 722 377 820 482 654 92 2 326 219 252 362 144 58 638 962 546 43 434 940 783 945 278 868 805 489 996 781 204 470 924 416 193 
303 237 28 958 682 31 637 254 284 0 399 696 991 714 243 35 502 184 820 448 815 41 607 658 390 741 215 861 667 632 407 323 223 436 634 906 821 272 514 106 625 914 803 617 982 399 653 485 585 826 934 753 868 894 412 259 989 980 473 657 614 881 333 190 671 320 449 493 945 964 952 571 232 109 541 215 509 547 701 447 
375 988 554 596 884 319 209 874 301 683 884 268 918 570 459 942 891 909 788 837 875 741 761 108 203 655 676 714 203 378 514 931 367 69 529 604 390 91 831 44 127 716 313 46 639 773 341 883 35 130 73 263 873 835 724 429 491 401 496 48 780 12 980 501 434 862 106 177 954 939 222 435 8 888 482 649 662 177 533 699 
308 608 315 534 796 41 965 641 443 462 690 577 827 23 79 263 239 186 793 546 126 369 982 488 258 818 138 922 996 24 974 657 633 290 193 783 684 511 425 129 974 468 707 155 844 787 771 84 326 565 984 806 935 967 295 547 138 434 822 135 459 797 794 446 440 340 230 126 852 8 608 179 477 316 335 674 456 459 112 783 
26 97 942 314 417 238 214 557 673 37 45 486 835 192 933 629 533 516 108 386 525 717 919 355 386 607 30 195 68 143 331 447 593 275 114 12 514 330 922 541 368 968 28 557 162 314 539 48 831 648 788 709 718 708 65 105 316 448 653 385 593 985 833 539 261 301 552 129 632 827 671 1 797 52 911 312 367 451 361 199 
452 150 261 171 211 327 629 529 776 283 267 722 270 454 263 884 756 168 14 389 349 38 743 147 91 656 812 459 460 174 11 914 678 273 86 890 953 717 772 83 353 41 806 624 496 422 862 253 944 229 995 294 269 739 794 713 748 607 526 210 134 890 125 165 517 564 409 471 282 182 555 989 576 715 614 425 490 829 31 435 
60 27 82 682 120 877 748 869 837 275 432 325 519 910 491 37 476 901 861 111 437 770 101 366 486 69 793 329 899 177 766 312 206 201 347 679 80 449 901 270 725 335 596 597 246 441 635 723 695 850 188 133 621 290 853 460 360 647 790 613 825 909 278 384 112 979 64 545 429 319 816 507 655 766 106 254 208 94 331 904 
945 520 391 919 811 245 380 525 245 524 491 71 434 770 809 899 102 226 445 532 546 615 41 554 734 500 810 943 595 142 200 542 663 592 462 827 838 196 353 84 721 197 509 508 321 671 409 424 898 207 958 798 175 352 353 910 853 516 854 801 659 56 696 323 1 160 504 841 709 210 278 431 409 140 292 731 812 702 508 64 
263 819 215 439 172 921 351 378 439 206 181 99 615 878 776 618 391 281 812 101 492 443 885 254 585 179 986 398 234 848 815 498 668 31 939 842 954 291 573 394 850 755 846 819 987 623 790 731 257 603 186 103 47 72 358 985 604 698 385 192 547 553 691 216 938 983 411 893 627 986 640 831 94 839 651 82 464 442 167 74 
398 354 178 798 779 538 785 737 589 523 930 137 429 974 354 368 959 767 614 939 106 255 771 201 448 423 637 265 218 805 340 969 512 520 121 292 411 907 30 353 783 313 491 213 289 198 583 601 318 198 541 425 807 314 628 256 90 266 522 662 424 863 632 937 736 106 582 500 14 966 854 150 280 698 365 922 898 301 524 217 
500 419 996 660 86 625 917 177 244 792 192 21 9 178 959 746 285 542 600 653 509 807 804 143 507 522 66 758 824 944 328 326 364 325 339 803 303 258 333 900 51 527 922 61 706 234 161 344 778 114 998 640 922 156 136 782 679 204 541 505 501 223 184 866 549 524 22 854 135 356 755 540 884 31 954 943 266 116 289 397 
583 640 391 507 797 528 642 830 85 537 336 587 761 521 806 663 398 829 518 535 187 627 76 424 659 31 369 926 501 11 325 85 4 69 945 155 598 589 986 685 479 323 273 241 197 433 905 596 263 777 132 803 757 209 229 417 594 951 696 96 963 374 182 968 444 129 476 44 71 463 82 551 139 708 145 337 142 51 935 759 
829 420 915 587 983 145 357 578 97 407 27 413 134 210 735 580 692 212 977 764 677 412 668 817 121 814 508 617 219 796 729 49 217 645 990 553 792 700 484 242 460 512 657 596 724 393 177 769 606 507 887 636 920 556 807 394 724 316 364 944 113 94 346 683 93 689 238 238 391 75 481 204 589 139 801 314 885 331 436 845 
191 324 482 112 234 290 860 959 959 225 904 73 673 603 110 767 294 701 6 38 777 840 243 367 981 46 34 219 730 472 65 923 149 549 388 384 192 249 696 153 828 953 579 854 558 690 622 853 392 981 892 523 822 488 243 156 887 279 729 619 104 795 543 254 697 932 992 891 535 41 45 716 996 977 571 555 669 546 409 414 
528 654 290 703 143 535 213 32 815 943 652 272 739 548 879 790 833 872 682 721 915 80 438 264 58 10 820 80 557 582 848 438 237 139 495 733 675 709 766 843 5 771 116 745 672 997 888 507 222 571 229 490 4 21 755 64 32 576 497 943 159 346 734 749 487 230 484 515 292 251 360 298 376 477 397 49 827 286 909 51 
211 492 894 216 866 651 281 899 580 132 195 93 479 931 843 319 514 328 836 808 933 197 459 662 675 857 64 856 497 327 908 709 820 155 926 687 807 561 939 741 694 488 835 174 772 31 847 639 361 684 800 647 882 261 662 910 119 727 767 617 55 28 679 228 185 607 268 345 169 561 87 216 50 275 743 175 308 591 815 22 
276 617 22 511 879 685 423 351 413 543 322 822 925 2 51 463 962 673 809 484 235 250 701 638 526 446 166 187 38 982 210 668 952 233 180 184 919 604 889 686 501 212 509 427 567 913 891 883 587 53 368 175 304 71 814 184 518 981 724 909 317 936 578 270 522 760 808 795 717 698 482 571 263 344 -1 183 258 891 67 847 
946 437 23 603 509 191 140 380 525 866 642 843 803 222 467 678 335 628 474 405 327 957 978 943 302 978 127 914 223 196 114 522 986 490 478 848 682 620 229 561 487 872 757 643 447 577 674 135 206 150 542 886 460 873 830 116 204 959 31 780 508 498 303 847 989 135 696 25 756 278 587 596 503 345 592 952 924 267 440 483 
770 335 371 584 209 554 701 415 514 85 196 375 584 853 575 926 989 272 952 98 903 892 47 408 239 992 713 516 260 154 352 384 491 724 969 53 280 23 821 147 109 371 876 46 225 452 325 567 78 279 18 982 172 66 391 764 59 457 633 672 613 339 409 457 64 379 863 697 403 686 198 865 58 427 264 636 232 591 556 311 
223 575 647 748 994 391 866 406 850 500 431 816 840 842 626 258 222 490 308 979 177 859 197 236 287 815 225 521 759 782 185 983 710 185 732 705 578 599 464 781 453 897 598 646 740 225 257 315 716 919 647 247 779 198 836 420 14 63 294 126 846 480 110 910 19 195 616 598 148 434 380 954 332 331 601 425 909 212 741 626 
132 742 226 264 941 64 685 308 128 980 435 327 814 898 238 834 94 208 433 595 643 166 550 328 850 505 754 760 718 848 387 203 943 615 468 885 680 155 546 161 488 334 489 303 233 81 138 681 290 924 629 286 443 181 615 294 39 722 55 110 571 444 314 516 412 135 754 445 291 654 959 781 341 449 437 928 883 577 610 174 
854 592 813 299 774 429 594 166 504 651 277 429 448 944 946 213 81 53 11 725 60 971 859 403 773 298 332 658 228 295 185 83 888 0 383 16 782 331 183 288 983 814 718 784 759 17 998 841 71 10 920 485 334 780 889 108 431 222 767 660 518 954 745 407 955 481 776 738 165 961 379 501 776 98 286 888 468 637 731 893 
0 652 379 335 785 269 445 218 492 565 879 363 520 977 123 828 812 901 920 978 215 652 481 344 752 120 233 573 759 317 467 112 970 847 449 109 117 247 328 962 813 560 326 687 891 803 868 56 57 789 387 273 443 221 970 548 343 204 122 455 523 943 568 846 791 370 956 262 618 637 225 785 551 905 825 443 709 694 852 119 
837 240 393 633 463 364 182 159 921 657 967 445 601 536 645 746 260 602 9 231 593 235 17 145 493 843 941 555 891 794 675 729 35 69 363 851 786 898 11 709 908 979 507 511 869 505 610 130 461 620 362 55 208 733 553 703 929 495 259 821 290 936 551 678 358 267 531 146 166 895 208 76 228 68 940 450 575 903 933 37 
524 648 445 733 382 -1 437 665 495 50 487 138 987 392 817 346 12 349 845 180 598 406 609 827 476 902 278 404 806 212 794 683 861 592 417 597 592 208 263 440 259 103 579 247 496 397 946 510 100 793 43 51 200 5 879 29 260 510 786 67 75 581 103 289 174 521 239 119 82 503 560 342 960 492 942 457 243 890 320 344 
684 716 748 237 722 980 268 335 491 407 755 919 990 859 209 517 382 450 638 465 306 551 161 267 45 104 78 289 995 751 986 32 469 87 271 544 68 892 881 560 300 637 832 643 498 42 162 233 845 153 51 505 57 213 125 103 319 204 745 315 309 84 349 779 172 973 676 241 866 910 154 167 549 987 164 400 383 327 986 581 
833 38 87 891 253 214 348 925 771 94 241 81 532 943 213 705 917 243 300 136 154 807 657 56 796 822 809 180 502 796 114 336 836 203 228 442 770 929 368 542 377 962 977 910 907 191 968 177 435 269 315 591 430 325 0 227 148 811 760 651 608 875 340 797 431 921 240 202 852 961 746 230 925 76 141 185 268 462 363 57 
85 31 1 516 357 2 96 858 814 857 862 776 85 203 574 518 126 168 73 331 130 172 914 408 249 408 594 871 871 959 929 957 343 283 826 54 286 923 913 454 133 777 583 220 333 510 91 812 679 165 144 163 691 59 572 941 468 520 813 693 832 95 651 176 379 831 231 19 755 498 826 890 276 410 463 610 921 555 424 954 
73 921 118 765 334 43 60 803 564 226 849 749 323 502 927 55 334 511 75 442 10 902 333 287 313 797 251 588 705 28 543 132 950 662 250 637 58 311 442 976 539 292 726 215 147 6 271 834 519 348 630 530 603 964 171 270 115 775 859 173 804 403 658 107 418 910 746 477 574 541 806 466 186 534 682 687 541 307 874 413 
8 505 945 612 823 469 883 291 245 743 465 402 499 125 862 918 388 609 749 963 503 556 431 691 443 466 731 338 774 606 752 783 113 50 397 289 520 633 581 118 730 47 873 230 525 737 150 914 699 252 231 204 161 663 248 606 482 980 945 258 939 50 42 405 102 792 695 623 427 277 95 158 678 969 741 204 59 244 472 760 
497 704 317 12 720 566 971 555 899 269 814 839 320 210 246 423 3 294 400 783 573 496 294 252 818 37 809 879 282 634 640 133 691 310 146 764 877 118 321 777 388 136 969 709 699 568 486 704 864 887 840 438 384 136 43 555 526 205 435 161 193 428 295 885 739 794 3 617 265 325 747 6 814 70 69 515 639 556 572 504 
444 765 295 181 254 691 737 781 250 526 296 796 955 944 34 696 740 38 666 358 716 767 366 532 838 436 400 830 345 325 688 142 91 336 324 347 381 414 481 632 941 778 429 898 724 464 947 817 856 966 176 573 734 895 106 925 332 859 757 30 185 446 173 278 783 850 978 165 266 460 150 560 240 932 811 317 750 759 135 607 
727 664 533 814 561 993 741 894 853 499 278 392 298 452 671 82 304 2 601 571 463 104 484 56 390 297 374 141 57 862 101 137 528 635 953 90 981 695 337 836 547 616 229 846 70 253 281 727 256 883 651 72 341 136 130 732 434 857 226 845 721 328 335 250 316 289 693 299 337 31 488 237 1 70 84 424 324 367 152 933 
603 804 358 945 941 489 30 729 700 257 575 422 586 911 25 256 554 71 908 244 103 397 483 457 468 920 882 145 640 35 431 245 840 790 543 135 633 575 865 334 185 793 109 125 705 487 382 612 559 291 858 15 41 342 474 510 615 357 656 257 746 440 503 587 231 399 75 865 327 293 552 514 87 662 640 794 150 375 407 710 
19 618 727 61 313 202 572 930 912 581 188 659 374 44 600 606 444 28 825 125 323 378 640 411 42 633 558 545 361 319 257 381 938 337 795 253 892 720 184 157 654 725 818 29 770 771 636 215 800 814 341 124 194 334 537 589 320 96 487 682 416 745 416 708 435 212 962 328 933 499 839 940 225 658 970 996 430 960 564 231 
775 259 709 322 594 247 264 268 696 753 303 466 499 721 175 288 286 490 969 573 990 809 514 568 820 486 917 251 447 482 836 575 94 898 899 42 146 164 311 195 918 615 662 771 689 190 412 977 681 382 903 24 545 418 593 366 257 511 971 57 347 160 634 442 59 886 485 206 403 149 754 675 766 418 799 456 961 212 786 644 
595 42 669 493 462 616 861 72 480 833 131 180 994 118 976 54 357 462 613 761 965 368 789 732 139 589 541 102 802 681 99 751 724 121 245 539 738 459 613 572 293 97 753 640 568 730 47 278 546 661 392 512 383 183 597 523 773 491 978 929 525 78 681 251 201 279 143 292 740 109 865 386 207 972 28 128 55 76 407 954 
91 153 819 475 337 417 351 463 262 683 393 788 762 427 392 316 708 537 610 801 -1 828 188 560 801 569 689 858 -1 450 165 91 604 986 919 294 756 623 758 19 307 153 161 423 933 906 740 642 796 351 444 797 181 986 358 335 556 400 546 556 851 713 0 808 700 272 103 809 249 215 182 557 721 344 333 655 603 75 299 401 
779 96 551 313 83 910 2 993 311 549 550 516 263 904 677 316 177 134 479 427 350 662 338 424 7 672 80 963 100 732 365 233 182 917 899 266 180 902 612 845 453 516 714 69 421 392 739 951 527 219 732 230 882 71 655 242 96 89 206 550 822 925 136 5 195 36 625 377 940 590 223 746 107 938 816 529 683 908 834 564 
