54 88 803
911 636 757 966 848 100 56 397 208 587 931 609 453 399 695 568 234 282 902 686 951 79 839 524 37 147 930 775 400 318 929 312 307 687 631 509 141 40 907 350 628 839 313 82 591 361 4 826 644 907 514 949 339 706 474 730 854 406 506 255 77 436 920 737 476 904 247 618 945 507 322 574 699 988 9 291 350 14 119 347 922 986 297 615 45 773 346 900 
532 205 508 962 994 781 700 471 686 301 443 632 809 118 559 510 107 569 802 810 585 274 158 860 613 457 476 659 583 175 912 468 733 421 783 728 203 484 553 242 138 349 875 949 468 435 812 928 6 615 91 944 243 602 805 209 412 635 222 348 811 487 817 898 910 601 979 466 439 533 710 578 235 938 880 56 375 693 337 734 662 429 679 258 385 485 468 798 
121 43 148 286 532 318 185 795 921 165 614 713 52 325 644 288 265 526 698 993 220 36 728 235 819 408 494 205 246 316 4 369 360 505 656 245 825 194 41 99 360 657 813 765 335 810 55 953 337 106 947 911 143 676 147 963 437 643 521 685 960 879 55 673 385 64 920 211 259 314 663 972 324 829 739 13 641 147 967 979 254 916 243 750 945 392 715 384 
388 589 70 701 469 478 375 856 543 648 420 155 316 85 128 993 915 220 7 557 368 976 890 975 245 486 727 191 879 795 576 620 385 647 322 856 126 51 65 22 52 486 178 369 924 660 364 841 881 724 751 603 701 994 579 947 482 307 492 714 455 69 336 842 70 11 51 549 415 117 573 469 604 104 191 882 117 908 724 0 634 476 956 688 472 888 989 307 
197 482 22 5 552 359 848 975 724 900 526 140 370 452 610 328 557 803 211 676 712 936 29 699 765 338 389 590 227 379 898 777 862 922 784 767 634 633 744 359 887 623 853 258 76 464 587 986 620 799 15 686 88 397 386 855 736 128 798 965 508 698 743 723 973 880 844 960 515 941 673 755 565 527 14 994 992 955 333 966 755 350 653 845 100 392 53 838 
522 852 156 383 903 252 108 229 134 305 191 2 247 865 758 813 393 125 160 738 81 494 705 190 197 359 36 299 753 442 490 628 647 -1 12 552 252 473 782 739 779 326 94 379 192 205 545 938 332 706 678 766 202 736 957 400 449 346 52 555 789 543 184 438 543 197 343 149 24 478 241 156 806 337 537 351 543 83 291 228 791 322 996 346 411 306 99 861 
654 505 417 796 49 602 235 946 153 931 448 178 411 690 335 218 28 225 570 925 310 214 154 454 889 503 153 302 811 605 164 466 111 935 615 514 538 204 461 44 136 910 575 548 601 912 119 983 490 691 909 801 258 416 608 149 921 762 452 85 721 969 552 833 905 520 348 797 725 810 842 863 73 419 412 28 684 533 12 175 577 274 330 836 691 291 338 613 
407 143 699 129 114 604 963 372 126 313 170 852 476 366 68 903 786 482 932 823 368 945 351 298 220 682 487 264 327 827 879 735 971 931 865 86 889 829 812 368 495 983 573 325 350 643 229 489 478 162 313 199 460 666 498 33 701 986 298 29 814 530 765 787 463 631 226 705 814 39 74 310 376 0 636 727 644 866 570 475 381 884 675 842 903 174 876 606 
514 528 988 329 59 755 469 875 739 49 581 554 441 8 218 818 10 207 899 7 427 822 484 809 707 160 5 612 688 234 571 203 763 560 885 824 668 356 52 409 758 987 316 200 348 535 372 359 96 624 720 524 447 205 334 507 718 692 472 407 928 44 611 692 606 498 869 627 207 275 37 966 263 355 519 612 243 244 325 340 221 46 217 669 604 905 530 323 
598 3 732 527 401 696 573 360 195 795 988 755 423 27 722 687 735 595 653 331 840 331 25 415 378 243 437 335 149 968 659 749 973 744 629 727 442 555 88 990 704 77 747 128 105 822 169 193 418 175 526 612 507 552 28 238 148 466 574 299 788 586 401 114 332 383 842 775 292 931 766 997 9 866 478 468 690 0 14 461 176 541 426 684 446 807 923 596 
627 850 248 416 438 650 883 771 386 726 899 679 10 18 29 20 886 509 841 929 510 857 743 688 751 171 725 551 979 2 148 607 853 397 376 292 400 260 416 787 339 316 820 350 336 850 724 575 360 566 857 224 776 601 913 881 125 991 433 106 994 582 66 849 332 796 494 85 57 912 225 750 581 46 101 270 898 826 198 259 746 56 836 523 11 102 405 137 
95 839 596 90 774 16 292 459 813 140 897 223 53 124 974 987 171 77 611 422 256 810 35 3 220 872 528 232 976 286 722 72 127 320 515 254 337 809 67 503 950 965 727 356 442 703 696 615 133 308 38 390 472 74 395 693 300 276 278 277 563 1 702 43 674 218 651 12 380 719 516 331 37 597 40 481 653 90 449 787 399 840 530 224 916 278 270 569 
555 549 847 120 904 550 164 579 121 816 945 503 888 462 187 927 60 229 409 66 320 211 854 72 52 738 298 969 17 921 891 574 472 739 47 729 642 212 309 765 382 607 269 623 71 457 551 484 39 313 552 712 525 759 786 579 498 437 901 869 359 794 444 184 886 492 914 530 57 577 296 792 185 566 417 609 376 321 447 417 988 352 130 514 464 269 446 316 
707 701 186 420 848 631 957 735 476 225 618 534 155 915 680 341 834 450 304 564 772 104 982 761 457 465 629 922 736 428 239 796 482 778 569 331 410 528 420 239 754 39 127 910 308 808 604 495 259 261 60 384 366 395 499 824 214 481 100 951 910 692 748 394 472 671 78 235 200 499 476 307 892 604 218 553 765 175 401 377 438 815 762 805 211 262 983 426 
744 84 730 8 777 832 755 602 504 186 839 705 39 668 13 932 625 584 838 391 760 240 121 199 56 884 358 621 500 342 48 597 427 132 958 557 965 714 513 470 902 353 528 942 374 894 227 0 479 66 744 592 659 866 145 717 103 504 339 604 847 740 555 627 873 866 537 191 582 51 14 837 757 895 132 132 790 712 133 622 131 230 216 791 97 714 509 202 
219 201 159 419 943 67 47 169 935 585 362 870 990 377 60 748 274 193 882 417 258 368 41 390 600 610 182 698 677 45 253 897 599 766 669 543 834 69 66 770 7 429 641 998 159 702 748 786 248 983 557 507 352 951 250 953 914 786 5 592 184 611 490 784 378 512 681 214 582 748 337 590 530 980 590 42 35 691 182 637 675 740 497 380 692 101 335 607 
888 693 200 73 305 43 210 685 556 892 252 491 641 590 82 524 923 25 568 312 69 751 950 745 844 800 127 889 902 815 497 143 861 50 569 519 446 781 205 355 674 810 847 669 402 282 546 678 661 115 991 731 219 294 478 64 96 958 954 351 126 804 496 988 207 418 508 6 200 67 362 228 878 562 898 633 198 797 313 860 914 305 592 486 601 423 552 50 
734 859 754 861 17 603 202 225 23 712 233 224 132 948 453 363 512 704 998 63 503 312 924 770 970 869 257 924 646 162 327 733 375 83 596 393 687 799 619 63 864 205 641 349 507 447 714 372 153 713 436 9 378 713 132 349 583 742 275 582 906 603 317 282 39 266 676 80 418 648 144 284 207 786 634 715 235 701 88 741 415 525 103 794 591 236 145 175 
331 773 111 238 377 429 873 770 696 902 851 115 904 996 752 464 136 740 532 372 442 621 466 211 499 570 6 91 159 504 619 491 278 731 83 9 513 309 780 562 213 632 31 470 981 784 935 118 877 468 491 673 442 958 885 294 881 244 738 41 750 358 886 381 443 322 391 309 632 524 873 198 509 905 669 492 42 957 611 921 778 456 595 573 767 833 868 650 
78 607 44 181 319 931 564 763 254 308 73 888 834 299 439 344 205 110 837 249 420 802 523 200 259 471 774 27 305 996 678 736 604 76 919 276 8 484 392 616 793 819 505 980 119 297 326 678 408 516 928 182 319 804 383 579 628 510 960 286 507 991 23 465 68 295 94 78 780 488 695 927 308 553 260 780 851 939 459 613 457 740 796 129 545 532 62 174 
395 23 461 256 15 838 74 437 134 169 868 268 658 916 548 319 470 809 101 674 750 561 640 208 303 789 338 201 674 401 729 71 777 543 328 146 382 403 584 518 925 453 139 585 370 688 257 193 498 359 220 249 274 214 810 930 4 502 484 680 256 214 104 35 759 433 182 494 189 119 365 115 573 505 53 296 194 312 490 46 24 63 296 299 278 460 582 284 
963 68 317 220 283 422 608 395 208 143 243 750 263 609 218 189 116 625 838 663 290 329 710 315 394 360 968 25 821 551 310 137 620 980 358 257 755 320 5 964 464 249 67 81 212 287 623 681 265 463 345 556 145 409 872 892 770 193 919 944 746 582 82 719 916 793 329 672 114 336 990 932 938 58 366 151 698 990 833 964 806 532 873 953 942 747 198 65 
941 470 10 40 54 93 113 971 887 443 996 355 132 987 288 72 399 7 576 450 998 411 768 158 944 642 464 239 742 663 305 37 135 316 430 542 762 544 866 650 341 863 358 474 204 -1 899 604 7 829 407 7 241 176 518 538 820 983 778 915 -1 84 953 135 753 385 30 516 930 897 519 624 114 879 100 319 879 352 276 888 182 684 248 776 214 119 667 387 
103 798 303 103 235 258 592 989 996 623 506 927 874 379 553 989 611 6 661 491 711 938 732 247 975 333 376 190 453 45 578 557 844 235 14 81 494 607 423 491 583 283 771 458 663 677 448 275 36 110 119 101 401 853 349 378 539 78 921 994 124 853 904 322 89 919 756 584 879 180 428 464 464 552 923 480 583 725 756 620 836 229 722 591 83 424 970 975 
856 244 970 333 98 876 656 188 148 765 125 29 947 906 494 764 460 770 246 44 496 355 17 334 585 93 926 21 870 249 998 727 846 321 62 946 198 71 487 348 838 614 730 138 873 225 903 686 996 502 83 494 859 102 181 797 548 460 172 419 62 171 148 909 493 563 856 45 635 697 746 826 664 477 965 538 55 870 226 404 725 662 899 937 765 433 736 314 
246 909 87 309 433 588 572 927 152 781 325 140 479 72 320 144 550 286 36 958 509 615 364 236 278 616 174 397 403 263 64 650 525 152 313 959 93 886 240 598 668 566 740 149 640 61 646 543 700 683 503 211 651 220 800 931 837 327 329 241 592 394 893 118 900 207 79 994 446 320 946 115 239 39 617 880 453 265 777 154 301 281 718 954 854 519 886 692 
848 568 287 793 315 533 264 568 93 344 564 540 17 863 656 258 903 275 491 357 893 269 512 195 903 232 150 758 104 389 804 305 958 92 99 627 626 365 196 720 62 113 261 433 977 270 692 881 898 536 239 144 807 105 341 63 690 844 823 795 587 980 454 898 73 554 526 52 272 724 773 336 190 387 122 169 10 167 403 262 704 644 407 864 102 749 929 793 
947 105 941 535 86 748 434 512 304 314 565 929 39 691 618 582 431 741 752 442 909 157 705 615 154 114 832 609 216 114 755 516 220 49 52 659 799 840 524 456 155 90 386 547 134 6 130 566 100 236 362 11 746 420 979 253 535 812 863 105 280 971 622 501 21 28 514 821 221 39 278 377 483 666 277 970 25 760 890 126 349 253 490 96 674 470 702 563 
636 566 21 917 538 644 771 913 25 638 735 247 31 367 977 867 386 607 838 412 721 729 891 71 335 383 521 11 206 224 575 195 144 949 465 35 594 238 949 973 229 686 573 261 406 904 129 793 512 321 206 586 403 450 659 740 186 181 104 394 406 32 590 551 982 409 588 929 0 890 903 230 929 830 845 336 735 975 130 600 649 689 188 54 141 848 147 328 
382 252 75 141 285 19 46 268 429 635 198 430 878 455 13 809 286 859 146 22 188 630 975 838 672 164 245 166 365 393 848 748 998 924 891 284 296 938 905 726 926 105 509 805 561 876 967 200 736 467 223 277 98 551 469 771 717 715 939 83 462 788 185 813 65 77 99 363 368 5 442 295 463 305 453 377 182 422 578 271 242 154 550 341 707 20 465 777 
88 757 861 903 546 47 718 965 477 170 329 846 528 772 494 993 430 301 723 613 76 303 238 319 810 789 661 518 162 479 296 603 238 511 508 137 911 579 103 390 750 433 589 279 559 437 625 342 739 350 957 816 654 196 488 465 338 502 337 501 982 986 105 221 498 966 712 763 546 816 154 649 603 96 930 515 534 556 858 626 259 168 795 914 365 284 733 56 
787 423 910 123 762 17 697 614 336 410 378 884 228 885 534 832 982 817 348 870 727 559 497 987 729 294 255 447 579 341 505 720 765 416 844 528 786 542 143 476 954 874 361 183 760 248 368 744 419 69 615 147 629 113 487 711 760 743 160 341 85 18 414 203 787 259 733 575 802 229 52 109 105 766 645 218 367 366 963 139 436 931 639 419 398 128 483 159 
872 644 853 311 15 268 515 804 528 601 732 684 184 137 146 290 256 793 509 976 160 826 117 950 110 757 370 509 886 854 670 112 852 524 424 868 146 940 25 675 895 758 712 80 248 860 723 505 654 585 483 167 412 953 118 524 711 489 386 951 697 409 64 902 935 841 123 434 134 150 110 30 261 176 111 863 37 835 369 44 774 205 212 187 159 332 64 224 
174 804 176 224 214 593 127 502 787 604 937 922 755 401 954 369 578 418 233 616 607 956 13 382 514 226 922 27 911 340 252 439 145 781 664 360 727 145 864 515 750 802 438 858 204 745 580 135 165 167 752 773 476 118 508 991 346 431 19 610 772 624 50 270 406 68 632 486 214 849 2 317 4 794 528 562 540 109 698 706 277 804 832 754 923 341 99 622 
774 119 234 899 745 637 171 504 706 156 992 273 6 347 943 11 142 472 574 684 583 626 743 213 431 577 321 707 919 421 331 46 893 918 299 991 556 471 849 616 628 842 890 987 542 835 -1 686 660 927 723 244 906 467 811 338 45 485 398 318 259 82 717 153 1 17 498 911 841 348 528 822 543 771 810 86 959 811 125 621 91 849 866 998 318 30 689 364 
516 88 35 776 172 754 283 526 124 134 438 967 483 319 790 27 92 602 466 52 766 593 674 210 443 894 561 762 277 251 480 795 692 516 924 217 623 560 745 101 695 536 69 531 857 212 559 950 167 27 355 934 973 31 497 417 278 59 181 556 663 14 704 357 883 982 927 508 543 673 962 592 563 32 124 421 597 37 372 766 417 80 53 391 112 552 161 743 
964 343 301 629 710 358 339 595 341 267 456 238 294 419 183 858 804 308 280 402 698 5 169 116 86 224 860 552 129 23 648 94 719 950 76 431 662 416 379 4 37 836 595 332 608 779 543 413 441 824 816 140 182 339 610 621 916 471 526 46 495 176 493 216 479 571 0 142 988 380 500 378 217 96 711 178 229 255 592 671 432 761 812 967 101 423 590 370 
896 469 417 744 646 264 961 479 836 314 974 177 695 475 557 265 925 621 444 155 230 37 179 663 800 992 632 254 769 575 978 18 397 396 763 397 13 78 877 850 393 204 381 90 33 291 356 959 913 802 467 144 192 647 161 345 992 146 953 762 74 932 133 472 681 250 870 696 329 100 899 75 306 281 518 340 573 228 652 488 383 120 985 576 120 147 275 113 
294 229 229 369 162 363 843 196 614 66 893 296 168 794 373 475 76 244 816 3 473 469 844 857 942 830 787 63 979 63 529 626 645 759 349 160 476 193 357 91 612 252 741 781 399 467 609 828 712 426 832 539 248 29 749 543 861 537 607 193 953 138 172 951 250 522 112 727 68 823 172 682 428 914 464 828 382 75 657 447 854 843 987 456 873 738 0 87 
628 961 633 935 452 807 887 703 330 353 432 400 177 957 83 606 872 900 787 607 976 445 55 184 641 44 641 868 135 994 308 764 956 943 700 409 751 941 466 82 295 251 483 825 209 919 432 434 821 220 42 150 18 98 335 13 495 329 882 983 325 191 749 634 487 802 397 239 96 864 323 392 116 159 570 678 432 3 113 254 576 156 405 596 607 94 610 104 
424 845 88 102 389 190 738 878 346 136 118 443 353 794 189 822 307 760 501 740 117 615 347 694 124 753 643 732 200 606 189 978 452 631 81 195 822 172 426 521 661 897 318 15 693 508 838 353 621 692 94 91 308 442 787 433 548 783 519 750 391 709 81 844 341 163 392 517 689 819 39 351 718 358 368 764 219 559 118 194 605 565 286 266 360 426 53 909 
211 573 12 603 283 94 800 978 611 194 496 301 366 536 653 85 248 374 202 468 287 321 15 893 239 303 160 600 82 214 511 294 140 876 250 425 324 52 404 936 599 253 238 318 790 244 757 391 620 960 861 260 283 229 154 875 533 667 477 617 235 341 264 376 218 516 802 543 921 559 832 873 813 71 192 957 317 950 349 290 912 563 551 548 794 58 424 680 
726 254 650 314 596 916 692 816 785 847 712 707 408 546 581 574 970 126 884 640 78 235 931 343 151 835 892 298 894 669 980 974 925 983 289 874 900 982 43 38 831 757 746 592 656 680 519 979 160 405 621 239 993 553 935 497 742 180 797 637 850 130 612 128 114 255 4 368 238 48 407 422 158 155 367 167 188 240 148 349 646 770 941 992 676 877 490 419 
58 288 410 262 419 375 743 887 631 100 256 223 502 664 998 661 172 367 182 714 608 331 416 607 454 359 600 131 589 443 904 1 85 667 264 505 43 360 745 28 462 2 252 965 668 603 979 193 971 514 908 932 846 326 892 653 38 845 138 628 290 43 630 376 63 247 234 107 609 333 136 424 336 741 742 357 346 74 552 670 590 813 956 789 492 201 444 531 
48 583 513 691 979 144 420 43 745 7 503 707 341 993 132 679 735 875 389 434 302 294 458 893 109 415 684 954 969 481 487 18 417 353 62 397 498 835 793 596 844 297 304 538 291 437 570 380 665 961 167 321 256 626 215 718 394 252 26 365 86 866 736 504 220 800 254 719 636 48 317 833 699 974 373 343 413 944 724 431 258 893 753 868 872 322 939 268 
927 966 634 15 833 371 520 54 524 776 127 514 177 797 348 877 772 74 222 538 372 299 971 631 545 77 852 419 400 793 40 329 760 675 697 947 399 218 2 277 347 482 792 878 280 493 108 406 921 683 945 646 984 269 278 882 700 484 654 453 278 695 135 391 723 833 339 476 405 695 754 753 530 899 632 164 745 742 571 19 426 869 666 763 140 946 -1 193 
783 654 647 62 351 784 806 427 618 499 904 24 195 11 131 78 911 116 243 10 211 815 30 991 38 698 755 531 997 107 725 781 763 373 196 467 510 3 895 130 503 801 507 51 165 639 131 430 757 727 441 321 544 824 313 935 523 422 467 873 530 193 655 294 567 204 762 431 209 659 562 65 813 422 118 331 63 602 762 173 330 204 495 227 30 162 163 906 
585 631 781 116 177 789 412 98 995 527 530 557 539 445 623 705 868 94 38 284 49 801 458 381 359 307 961 742 470 478 649 408 462 783 525 641 926 938 740 922 467 271 480 359 69 456 66 938 552 105 224 954 907 35 336 267 695 651 362 518 130 13 927 593 149 454 587 76 745 328 351 565 952 184 926 22 642 993 314 547 451 539 502 359 927 192 980 624 
844 343 143 327 709 424 273 212 879 862 289 977 543 994 544 849 179 823 224 174 169 539 722 621 431 578 981 360 123 314 985 320 11 481 648 73 258 274 286 490 489 577 469 34 572 366 884 104 190 461 280 360 2 355 982 434 286 316 147 410 984 485 731 996 968 732 70 579 360 358 71 850 288 541 885 213 908 122 318 99 585 951 812 940 308 795 375 595 
464 876 359 449 362 91 446 331 177 870 912 538 229 336 389 870 878 628 436 787 103 107 239 689 60 52 982 369 200 711 317 665 588 677 468 951 122 915 636 652 138 901 191 720 238 933 591 117 914 28 257 19 137 497 61 550 902 45 272 455 757 590 473 698 621 942 650 744 211 287 397 350 189 941 72 780 227 16 898 143 46 508 515 536 358 577 87 261 
975 360 717 85 303 544 784 925 487 436 22 699 76 772 403 619 66 828 400 295 845 652 791 244 161 307 781 521 237 221 783 214 934 854 300 239 399 86 517 239 875 541 292 952 666 696 572 734 877 974 30 723 627 174 969 789 482 103 663 720 326 800 287 613 655 589 853 407 28 372 -1 904 266 292 209 933 341 783 668 219 110 51 296 90 226 266 232 61 
370 897 135 49 698 775 664 706 717 870 466 746 595 466 3 214 112 214 149 806 350 170 379 461 575 676 552 154 295 785 569 18 35 705 69 734 481 86 793 200 309 260 299 906 80 656 121 545 223 623 352 574 147 84 388 723 113 293 230 409 431 800 429 468 858 851 555 341 290 350 894 600 963 546 859 44 203 982 590 779 958 296 354 106 381 95 182 496 
389 766 258 174 567 688 643 427 892 551 121 183 902 368 137 867 267 997 264 824 332 856 604 644 153 312 751 887 408 287 736 799 54 996 974 974 37 970 402 931 522 876 467 778 245 957 998 866 956 263 691 641 472 296 286 626 609 391 867 19 31 604 171 438 953 498 413 992 821 169 276 696 46 744 475 645 55 474 512 12 91 556 6 564 853 294 544 816 
38 412 836 70 369 360 509 324 211 923 317 385 445 946 82 493 691 559 491 99 386 356 464 478 913 472 396 767 119 941 584 158 354 773 229 76 486 91 401 50 367 71 436 814 18 520 308 63 432 152 163 171 509 629 651 423 454 48 543 574 342 481 85 49 607 315 126 447 759 881 498 127 305 936 942 325 809 603 741 242 756 257 414 266 239 418 42 694 
