42 73 153
118 823 117 191 473 325 75 990 618 153 807 776 459 250 575 454 997 813 548 272 506 63 142 534 211 262 922 257 847 737 409 966 561 527 159 387 854 235 378 825 741 539 602 553 142 531 8 141 345 909 414 852 974 909 739 186 173 14 796 21 752 207 340 314 87 852 703 294 88 434 121 182 974 
76 736 118 608 98 260 954 8 27 159 983 937 899 522 463 266 320 837 19 880 179 335 968 32 391 264 474 826 738 9 802 815 747 273 425 846 534 732 207 914 245 192 852 497 67 317 765 388 507 785 621 39 473 591 425 865 208 252 693 947 262 848 115 362 122 541 561 657 275 770 572 873 963 
777 371 31 447 137 773 956 276 747 348 750 339 774 617 900 27 311 200 291 512 317 6 635 859 569 645 487 340 570 713 656 348 86 688 149 224 814 458 501 563 807 605 255 935 223 509 963 887 710 607 400 380 615 36 593 185 682 433 526 605 148 183 306 235 224 456 812 392 915 667 308 76 273 
916 12 497 426 976 385 490 937 138 871 553 175 465 91 210 900 970 816 49 154 123 285 731 933 450 476 201 118 785 278 392 703 291 242 130 621 980 621 559 119 846 465 647 312 909 210 213 880 379 263 387 856 901 119 790 353 597 992 824 735 624 570 791 916 813 275 890 147 249 802 619 96 268 
620 410 178 831 624 411 564 241 799 421 143 272 564 849 222 909 675 958 534 246 751 452 412 27 343 912 277 147 533 375 768 154 138 300 338 115 712 903 357 865 677 854 138 242 56 361 153 732 672 688 331 424 493 97 804 190 10 435 690 544 163 459 51 302 112 743 770 178 647 129 44 326 336 
535 921 393 249 75 479 922 117 163 700 611 261 857 154 273 293 845 170 809 658 223 464 771 967 236 302 967 366 699 646 55 235 569 449 837 997 281 761 467 446 814 432 708 672 587 334 319 434 506 129 93 82 595 217 402 832 521 370 551 573 370 607 162 940 409 0 290 44 762 111 491 577 544 
552 603 132 888 923 919 395 405 365 478 1 936 881 186 810 604 90 384 975 50 547 268 813 549 912 858 664 24 350 243 569 255 199 54 144 123 327 540 529 45 371 884 982 605 423 793 563 515 179 891 918 727 161 732 629 74 943 295 451 646 891 373 903 91 780 48 567 108 942 449 155 666 334 
490 273 111 285 189 979 817 81 898 897 595 984 528 22 928 824 474 576 716 848 480 808 630 881 376 91 824 826 599 492 514 91 118 978 729 660 958 547 742 209 445 339 546 326 362 476 151 190 405 868 391 238 29 22 120 758 467 298 938 419 143 805 863 614 784 593 275 95 493 370 657 292 62 
205 619 778 34 124 969 792 345 361 31 376 737 504 487 557 803 426 977 947 232 842 914 369 788 190 817 635 562 476 928 625 34 900 404 421 377 726 214 724 441 598 453 179 103 941 737 260 369 715 560 954 910 476 677 700 667 495 688 582 324 617 561 711 870 318 133 249 46 700 326 488 299 780 
20 756 722 758 17 92 826 578 400 738 55 78 791 76 926 480 659 604 450 221 316 673 541 803 275 940 504 602 429 157 383 802 914 107 561 932 552 740 511 305 831 920 736 623 997 664 456 657 269 259 232 938 934 774 742 210 67 600 166 497 110 550 300 25 10 214 958 916 955 822 574 788 743 
312 764 741 329 574 752 951 834 985 890 121 760 986 685 828 939 852 678 50 755 331 76 119 898 387 388 206 562 963 347 659 628 465 401 958 40 154 910 227 492 154 350 253 141 388 434 433 593 465 484 701 149 913 821 400 653 562 608 568 879 956 228 508 774 631 468 815 138 379 396 632 534 99 
238 28 488 26 462 82 844 299 784 347 213 959 748 219 874 357 789 754 667 18 264 442 2 733 611 494 465 8 479 353 108 718 382 949 97 198 32 943 498 169 291 65 481 392 637 709 751 427 464 771 799 729 566 802 815 178 297 634 539 129 988 0 201 723 950 299 274 335 595 774 858 239 192 
340 633 830 50 737 259 868 509 59 950 76 214 119 608 865 754 500 995 95 502 197 819 453 850 447 790 446 574 649 687 767 342 673 598 746 411 210 967 921 622 918 350 190 38 311 56 145 813 404 241 316 955 414 122 806 862 913 253 437 915 293 557 611 967 508 710 731 72 678 5 695 949 357 
238 989 21 647 487 835 53 730 504 361 145 628 168 360 542 774 798 811 421 708 775 389 217 486 474 290 517 480 339 467 838 578 809 213 227 298 49 633 381 555 995 879 184 516 240 79 291 391 243 713 100 19 456 318 506 931 610 376 412 950 197 604 881 7 818 461 658 220 95 40 776 443 272 
313 312 513 746 605 257 990 671 358 11 128 30 870 412 993 248 178 296 446 783 530 806 954 993 466 175 441 859 305 238 133 619 551 -1 366 157 258 710 182 969 722 663 352 945 77 346 194 256 995 993 392 527 801 347 521 620 875 315 832 181 554 318 154 107 319 873 617 930 584 800 900 307 465 
606 606 895 305 801 504 302 148 897 182 302 597 704 923 825 372 108 8 928 780 163 388 100 389 6 383 975 160 636 635 978 243 242 874 550 397 379 205 546 629 388 849 579 93 125 405 466 586 766 747 367 930 136 468 673 144 204 649 657 842 285 636 438 881 511 989 279 243 195 826 225 584 28 
805 30 154 563 850 741 331 598 110 614 88 931 288 585 489 938 243 332 577 880 123 811 744 114 91 340 662 270 566 600 299 724 631 806 288 834 900 972 786 363 588 875 648 877 461 138 169 57 823 99 938 947 911 35 414 3 376 78 626 295 31 926 20 663 85 661 851 338 635 638 703 224 866 
704 454 680 195 624 738 19 724 29 319 636 65 735 992 442 166 619 738 198 898 111 214 984 773 66 676 761 57 380 986 924 437 794 605 633 419 696 653 497 726 325 134 792 413 480 587 580 100 678 131 0 142 699 337 917 118 14 679 177 747 19 454 185 814 413 819 586 110 825 84 838 152 572 
983 566 53 572 500 154 603 984 507 747 684 846 17 156 213 49 686 962 69 141 148 236 555 969 176 19 795 261 858 300 834 842 868 240 767 721 396 372 706 256 472 744 103 490 901 318 892 588 281 315 82 782 552 991 104 729 11 901 344 870 202 531 65 423 773 834 145 522 559 205 779 384 950 
884 227 204 555 120 793 189 436 228 324 990 220 430 72 232 332 769 455 887 302 522 664 76 709 162 599 621 368 379 6 671 616 586 876 524 707 22 66 145 252 392 488 825 823 913 59 508 684 867 748 987 390 413 416 452 929 16 74 298 748 433 323 718 20 200 595 729 576 663 227 181 56 716 
7 232 630 419 93 667 288 842 655 679 609 72 485 539 441 560 190 543 347 514 262 720 68 858 450 645 874 30 827 283 99 187 516 83 608 610 751 897 806 760 929 416 833 415 308 628 329 499 172 677 367 435 398 436 646 202 434 522 585 614 806 686 802 676 770 411 639 522 309 446 283 592 215 
470 8 524 99 338 25 624 368 745 60 120 182 59 323 969 934 261 584 94 948 387 771 719 800 763 595 462 211 231 55 779 54 417 305 506 108 683 131 478 429 544 599 964 605 275 286 540 537 871 635 839 259 759 559 412 524 507 228 88 740 636 220 795 54 526 303 164 210 787 995 992 333 595 
309 939 223 596 832 113 468 821 953 81 933 514 846 810 374 427 251 467 65 473 616 472 0 272 637 564 60 985 909 394 933 220 686 157 169 520 272 639 342 226 73 628 93 272 440 821 701 692 289 119 166 906 592 168 179 583 85 241 569 995 636 504 568 324 14 739 197 639 731 892 219 157 521 
313 430 962 487 484 656 778 604 175 685 550 696 866 486 782 460 408 131 449 265 52 126 281 144 324 921 228 569 141 386 92 808 170 407 296 7 416 75 613 593 114 516 290 333 3 426 794 764 910 244 31 315 372 313 461 49 587 690 620 82 430 65 891 953 473 540 961 243 969 575 837 84 444 
480 770 800 259 565 566 522 162 598 839 887 264 653 938 204 696 559 287 127 625 531 81 451 425 44 695 395 972 885 832 770 367 603 571 979 521 490 503 684 441 695 573 58 349 512 264 46 424 552 527 402 437 961 854 863 358 551 259 684 437 444 455 157 48 379 490 922 871 994 959 665 42 533 
725 392 398 990 791 175 895 671 578 685 634 434 549 993 338 161 678 128 606 486 639 7 867 130 282 91 477 243 757 520 777 835 913 529 178 57 705 75 730 637 113 717 424 664 63 115 178 95 244 786 582 884 146 802 367 430 894 845 674 5 366 804 193 632 686 373 691 393 801 774 383 915 492 
808 932 556 924 112 4 521 251 588 407 398 391 775 181 639 974 208 997 341 14 191 975 701 917 19 447 719 794 183 636 287 992 569 196 269 682 202 792 934 143 552 686 887 680 868 879 655 78 229 998 445 422 326 499 340 346 300 413 141 484 50 781 478 972 330 100 8 885 245 295 29 798 982 
270 832 204 150 488 635 381 839 81 156 518 581 849 865 882 263 359 368 666 493 199 640 825 652 1 711 899 297 94 698 281 717 883 838 220 725 474 602 565 556 111 437 490 314 303 726 578 16 447 598 510 -1 591 688 652 593 753 552 243 848 604 877 918 840 716 139 566 191 743 485 100 207 923 
944 522 579 671 454 596 471 405 460 471 997 149 476 943 903 382 187 104 339 66 23 180 783 164 748 328 260 234 429 468 510 374 344 90 398 151 40 870 557 501 694 555 651 172 851 556 907 39 661 247 106 38 428 243 203 177 572 464 764 354 285 275 82 982 367 481 134 408 705 44 262 752 952 
914 277 804 823 185 197 486 433 304 877 215 900 81 393 473 898 511 181 536 787 264 520 507 98 7 268 156 405 531 910 358 447 540 516 623 727 714 462 513 19 340 729 273 422 476 747 673 988 929 211 128 546 84 637 646 444 258 803 850 791 66 562 591 608 79 215 688 794 679 554 166 20 285 
440 796 762 541 470 103 471 34 232 19 471 222 18 917 482 822 120 626 242 683 218 851 763 786 892 558 818 447 78 192 85 519 341 200 61 164 304 886 200 890 258 672 113 277 942 948 452 64 575 695 748 146 899 865 286 792 424 105 593 855 650 679 376 992 881 438 158 186 677 711 429 936 736 
544 566 680 845 20 97 774 68 846 921 969 712 560 114 490 19 708 698 670 389 75 16 271 867 527 810 545 239 241 835 328 138 402 9 984 775 459 759 845 307 34 815 372 595 282 215 967 992 915 639 382 343 656 6 211 184 817 110 776 59 946 105 198 701 468 184 478 928 296 676 588 683 492 
314 632 775 882 600 120 150 240 503 495 249 510 59 786 681 170 915 741 469 22 293 172 843 830 3 772 127 680 714 812 525 29 797 653 912 398 775 64 640 631 560 242 495 972 382 177 144 298 271 966 673 565 491 517 396 495 643 877 528 358 42 406 388 840 61 301 239 189 718 232 821 631 828 
317 605 211 847 102 862 120 69 537 686 562 55 436 410 699 314 292 58 357 699 799 198 761 454 790 303 173 24 126 806 853 796 412 417 997 515 280 118 937 818 157 500 227 594 264 279 261 557 339 619 609 491 170 724 946 314 28 121 339 507 280 545 305 45 963 303 913 244 774 851 416 932 705 
644 880 970 924 142 880 616 115 490 109 638 215 56 953 597 530 645 105 811 191 411 857 507 67 771 753 842 976 522 128 682 167 9 5 92 504 238 710 620 729 172 260 298 229 566 896 113 213 2 925 757 767 136 266 835 260 372 31 589 895 160 272 63 522 630 508 27 869 571 649 952 744 262 
251 327 829 500 441 395 855 719 506 623 208 773 812 470 498 196 60 394 357 686 810 880 669 671 260 540 244 910 845 989 525 449 669 708 950 111 104 158 184 611 135 393 737 300 216 236 497 630 983 207 669 146 440 339 819 701 232 64 613 78 406 139 528 77 848 831 541 306 991 78 270 479 825 
9 780 42 598 278 673 583 486 695 730 927 36 902 981 269 967 595 701 727 88 230 157 289 415 51 948 759 131 220 239 957 582 20 352 181 299 379 117 138 75 849 418 464 752 400 87 73 997 789 801 438 372 311 80 788 363 30 548 847 251 140 805 834 161 511 16 461 891 135 952 319 337 371 
785 442 773 873 868 123 663 22 914 388 334 995 178 699 26 79 899 278 221 58 113 735 570 483 550 462 971 503 782 661 876 920 456 2 794 326 126 810 349 393 200 37 389 731 89 417 811 989 48 385 48 515 122 619 -1 673 434 323 529 570 985 758 491 442 761 287 121 240 98 824 634 651 862 
25 383 952 795 548 294 844 286 344 360 409 316 712 435 752 36 318 323 374 77 167 170 840 807 644 81 259 469 69 911 332 447 296 637 243 197 933 88 484 630 802 247 947 515 35 52 905 354 728 280 433 897 803 274 705 449 708 965 271 130 878 605 578 527 595 822 725 881 264 210 512 67 810 
813 935 847 866 841 202 596 475 636 494 279 263 552 81 325 519 354 456 750 312 36 630 260 859 356 143 476 919 8 544 731 822 481 579 690 675 134 287 151 772 134 784 388 687 866 714 559 573 172 310 886 209 941 148 421 650 644 899 923 653 796 655 477 630 587 168 307 722 808 459 847 943 244 
237 983 464 952 544 38 125 207 278 687 502 779 110 153 424 362 77 430 159 85 908 791 25 429 99 101 238 911 949 534 509 539 871 974 493 416 365 971 976 996 12 479 128 475 634 905 838 64 337 350 151 246 494 529 29 946 631 268 859 934 156 369 474 28 696 320 797 414 645 774 764 658 255 
893 134 242 800 325 307 138 676 811 737 524 342 767 471 326 389 331 261 546 53 89 927 102 410 725 518 56 852 283 67 108 529 554 703 330 880 12 821 910 176 560 787 871 328 259 199 718 944 813 617 998 903 897 454 315 623 973 724 829 609 145 290 491 700 995 823 934 360 645 197 537 558 985 
