109 27 732
356 303 702 43 794 738 852 410 516 440 75 51 270 136 880 96 818 612 251 67 890 490 513 53 156 354 187 
695 553 756 426 263 60 130 659 855 221 512 618 738 306 46 142 577 183 24 27 3 989 279 423 232 123 289 
287 280 644 827 328 551 584 755 167 645 886 827 853 108 693 824 199 352 871 695 282 55 72 310 411 62 943 
836 295 67 126 935 700 124 763 29 28 348 137 196 346 25 376 552 486 422 377 39 775 601 87 59 658 160 
722 70 575 666 907 871 86 387 160 139 864 276 521 893 978 660 90 325 38 819 231 525 243 961 917 371 564 
5 783 223 518 507 646 94 174 907 967 614 295 480 754 160 757 277 406 736 938 497 415 977 669 -1 855 913 
961 126 638 878 132 422 454 652 930 102 747 458 362 67 73 10 900 180 171 659 458 578 748 749 428 164 79 
98 516 936 365 831 63 4 710 548 779 518 553 711 973 302 522 336 722 596 347 624 777 871 636 589 802 737 
339 583 903 420 34 772 709 400 604 125 757 668 674 538 187 229 602 513 884 477 850 959 74 550 936 204 774 
573 146 577 312 839 513 568 260 548 693 322 302 299 448 412 968 475 303 508 705 906 22 942 384 225 903 811 
128 840 369 903 767 516 833 432 356 347 353 969 248 47 644 551 699 93 965 20 570 269 881 628 529 256 572 
266 482 828 431 963 21 801 867 789 670 53 574 380 401 928 702 651 329 348 555 381 794 521 403 365 144 285 
347 26 543 920 293 378 101 725 343 123 879 563 266 551 618 841 932 20 123 635 24 805 984 581 187 780 455 
591 498 600 878 198 979 774 119 274 153 573 352 497 698 233 414 965 785 33 159 70 54 283 706 432 441 44 
14 630 177 822 222 28 424 453 228 756 228 700 31 735 275 385 585 326 619 0 292 757 34 804 828 442 441 
887 875 883 932 242 514 462 65 738 492 842 544 721 600 126 422 632 862 50 370 800 377 342 802 670 100 189 
828 281 632 270 170 508 154 103 103 670 567 170 761 412 13 658 134 614 785 909 600 0 961 323 802 339 667 
957 363 768 147 192 403 781 463 574 642 618 30 99 641 598 270 755 363 284 415 498 252 201 409 205 555 723 
529 358 63 197 668 427 319 816 620 723 950 436 298 946 408 329 46 50 281 317 807 645 954 223 497 559 777 
907 765 333 983 296 44 47 494 713 476 814 883 449 890 186 887 189 133 648 872 532 699 154 202 859 152 158 
435 650 70 566 910 837 252 894 134 298 943 981 364 772 149 600 574 40 788 814 583 274 463 456 808 516 963 
11 376 116 522 165 120 594 732 31 784 985 927 919 636 223 253 354 348 403 955 275 445 96 91 29 372 907 
838 181 424 802 545 154 271 421 672 392 368 405 425 153 743 705 425 733 281 679 440 982 436 396 258 882 846 
702 264 219 611 455 401 388 258 299 543 530 721 568 276 90 974 702 596 71 760 22 157 42 55 598 377 492 
347 636 375 194 340 992 414 952 448 168 693 59 821 238 942 895 807 219 987 135 274 936 559 35 960 69 430 
16 20 808 861 368 446 589 916 139 582 683 444 383 205 138 795 379 729 738 275 890 311 615 378 586 553 938 
975 866 360 406 883 381 568 745 102 367 335 19 507 270 56 304 6 614 443 802 994 174 893 270 417 557 887 
796 497 441 87 825 308 448 232 544 830 153 642 285 521 330 658 381 953 715 686 312 330 483 115 677 10 361 
948 428 272 188 225 770 630 313 596 291 114 181 188 297 688 183 583 562 866 242 945 172 958 984 485 641 468 
953 319 479 668 621 260 941 810 838 64 794 504 13 438 619 547 980 917 236 164 502 800 384 97 746 557 57 
83 44 51 553 998 724 385 667 698 -1 961 509 838 26 304 344 40 96 316 589 77 587 826 242 90 979 979 
188 78 538 598 163 583 3 69 934 80 455 955 779 807 917 289 647 945 947 344 986 44 13 928 122 601 108 
717 44 88 698 234 168 589 185 332 173 541 754 460 622 210 416 754 371 335 45 371 281 345 716 620 390 730 
550 865 685 11 583 730 100 634 317 621 224 504 306 750 398 61 212 374 273 981 129 997 317 527 369 951 873 
86 573 616 169 476 482 207 488 419 939 941 406 257 564 632 114 871 735 514 934 300 889 560 283 19 558 601 
548 928 554 774 367 480 392 889 957 227 98 798 647 390 740 55 648 305 40 764 178 776 631 465 430 873 26 
714 893 937 316 794 866 871 922 586 704 315 828 662 543 279 461 544 670 555 952 320 861 993 437 392 122 69 
858 553 943 237 620 189 175 938 337 394 162 260 333 868 928 163 883 472 443 346 369 115 254 322 788 116 668 
578 862 144 648 73 50 944 312 672 486 840 963 176 588 126 437 922 347 718 438 232 544 235 931 914 703 186 
238 492 655 259 71 518 756 72 945 808 369 610 833 208 451 797 386 392 276 824 668 625 544 107 210 89 343 
142 356 399 681 947 892 337 208 316 209 965 741 155 126 463 766 960 673 570 110 60 964 388 237 633 366 134 
93 577 576 790 720 934 190 402 882 436 92 443 105 302 762 848 458 241 664 577 555 338 149 666 399 466 407 
990 452 774 125 546 352 703 689 425 638 881 180 873 318 274 318 424 577 433 625 389 675 291 967 231 630 469 
899 383 936 659 374 741 435 500 641 140 556 331 919 195 213 100 422 884 727 741 310 658 527 288 48 203 580 
368 788 564 191 40 300 480 700 27 223 136 880 865 630 438 197 550 634 764 3 409 649 732 503 312 743 31 
602 144 236 535 513 25 452 57 66 753 539 119 133 763 609 15 629 240 454 179 143 441 944 499 852 595 232 
356 260 328 389 863 473 978 752 340 356 205 398 775 312 938 895 446 54 505 462 36 98 269 217 594 712 514 
95 565 110 680 274 724 10 664 588 484 995 693 825 352 900 577 128 565 516 377 12 572 235 828 961 335 98 
179 930 811 695 26 729 158 708 5 883 719 22 825 556 19 519 735 372 772 313 854 338 182 232 704 107 468 
533 70 156 984 250 88 149 298 467 879 458 528 237 694 600 261 872 158 281 393 894 6 518 560 213 210 743 
798 915 852 620 801 923 777 786 526 218 288 826 687 521 637 216 759 684 818 373 558 329 7 304 576 15 823 
137 229 34 881 381 302 86 2 104 10 780 244 538 352 533 365 40 407 355 609 168 40 780 894 599 462 903 
256 39 919 81 529 501 468 764 883 772 851 238 229 215 20 474 754 373 361 472 766 769 828 728 290 221 862 
186 822 325 90 431 718 362 513 248 216 335 13 453 108 218 692 690 434 713 518 189 439 880 14 558 2 195 
640 294 417 503 833 592 181 924 25 900 639 891 502 856 227 868 310 688 87 4 732 874 70 251 416 863 132 
431 774 487 979 415 134 750 271 968 695 806 245 721 59 237 966 562 95 546 784 758 588 224 115 321 100 539 
573 517 403 58 302 530 546 634 299 34 385 571 3 82 378 602 156 439 840 123 354 288 23 139 48 612 717 
164 934 170 56 860 40 812 271 343 344 818 331 644 853 717 568 210 152 300 813 310 740 6 786 447 296 810 
940 697 775 658 862 62 829 272 923 870 85 195 567 430 367 251 427 573 969 349 136 123 650 302 786 743 310 
573 191 607 385 484 657 513 143 520 577 325 145 501 549 232 50 469 663 418 721 444 344 43 794 482 167 445 
785 306 541 448 881 733 408 619 571 66 133 715 940 711 394 86 566 296 319 617 118 336 388 840 781 733 236 
928 568 757 726 707 64 268 156 946 354 566 566 926 633 53 995 574 765 742 662 684 39 982 302 510 671 43 
351 453 130 588 734 699 698 461 407 764 82 565 711 790 132 631 717 118 37 65 694 155 808 709 841 200 692 
144 711 365 541 415 171 672 357 259 724 56 73 133 821 157 51 886 948 536 870 18 655 908 437 702 64 246 
412 906 800 458 404 864 176 946 281 700 971 991 960 696 48 35 830 223 193 234 462 494 771 333 865 428 242 
303 131 307 903 897 567 704 356 972 921 533 271 203 234 243 547 548 940 949 584 124 173 130 359 636 977 132 
322 843 913 565 148 397 225 404 295 793 109 652 766 383 538 390 588 126 634 488 675 928 438 612 53 964 95 
413 953 73 898 276 269 812 842 770 563 69 175 859 215 637 865 983 22 404 726 963 531 362 452 559 291 244 
524 697 209 620 463 164 46 363 441 317 528 637 88 92 59 617 305 275 255 171 611 630 576 339 594 461 54 
400 373 346 645 899 396 855 872 860 372 920 576 167 238 458 805 679 551 217 297 209 493 554 381 106 185 959 
798 133 773 853 534 499 552 180 399 949 388 273 810 762 194 740 930 785 199 88 465 103 306 764 314 800 671 
696 259 209 8 410 343 134 264 230 635 817 411 387 119 153 13 283 916 560 24 199 346 224 288 813 328 595 
930 643 748 602 341 361 164 702 772 509 838 390 92 474 560 505 862 681 659 229 965 928 790 990 128 138 567 
769 304 896 365 235 893 466 190 587 180 355 290 954 217 129 345 311 956 258 169 172 940 181 402 258 110 193 
601 591 684 169 361 989 419 79 577 313 898 120 253 80 477 544 35 47 27 733 711 336 992 233 509 286 415 
264 545 878 459 148 470 496 670 184 487 90 264 65 404 164 187 658 245 17 556 633 417 936 719 482 273 64 
716 784 351 485 401 898 364 861 399 188 711 70 373 199 514 991 617 271 508 157 931 106 527 840 92 298 777 
812 781 51 877 850 188 582 688 591 833 406 805 233 595 517 656 321 69 171 665 40 444 174 198 728 633 727 
921 726 378 699 891 160 103 770 363 645 705 53 589 539 460 747 125 408 618 782 730 688 307 749 729 752 276 
281 833 911 361 755 990 740 807 883 253 263 6 617 909 712 671 851 252 484 600 378 893 219 513 625 260 821 
727 343 926 4 625 760 916 987 516 908 80 676 144 334 941 151 304 851 864 977 704 469 462 657 848 709 877 
714 687 490 537 415 834 464 420 460 578 338 800 447 599 233 125 744 568 67 896 874 271 113 204 328 583 19 
338 784 729 568 851 417 60 389 833 895 207 607 709 138 298 862 586 898 97 64 995 18 484 244 893 109 358 
450 790 294 823 130 431 553 699 283 324 760 26 510 9 586 118 71 725 417 286 664 668 384 730 664 404 567 
261 650 677 620 454 469 267 278 600 699 184 300 336 509 414 363 373 776 950 844 848 28 263 135 693 284 873 
424 302 630 993 564 633 23 186 88 493 806 367 446 859 905 100 196 767 867 912 141 644 215 987 845 244 603 
333 938 888 207 716 191 190 62 757 825 438 296 914 285 103 635 732 963 541 833 512 309 701 777 804 698 993 
792 544 238 396 879 530 637 439 599 830 631 14 940 457 805 237 724 91 693 360 825 10 254 11 523 917 66 
302 722 765 648 515 663 240 264 543 123 254 335 75 437 967 442 378 777 248 968 503 341 663 216 167 26 472 
531 902 390 598 205 465 365 207 333 29 448 598 925 572 205 261 648 644 582 443 23 360 692 345 864 34 9 
82 554 388 907 87 291 298 38 850 116 404 58 450 786 507 401 64 432 607 679 433 252 262 877 629 623 570 
975 841 958 337 924 513 726 832 953 18 483 993 869 600 750 280 51 890 788 805 955 573 413 635 359 19 250 
237 649 875 161 977 717 120 667 994 986 746 179 941 765 663 287 988 616 38 269 20 929 411 826 238 337 592 
874 698 612 478 936 614 354 450 592 424 923 612 419 911 359 599 205 478 615 493 819 584 532 441 605 815 853 
784 54 192 377 281 891 343 760 180 958 467 984 904 892 908 517 664 172 230 616 378 709 584 224 529 169 758 
971 127 926 178 264 981 723 995 615 967 339 377 500 298 197 485 203 443 395 74 460 568 305 78 300 367 15 
525 249 538 636 573 18 563 104 284 897 828 632 514 796 972 244 298 271 794 784 828 238 532 255 700 454 913 
131 755 281 499 633 531 38 271 457 410 187 563 47 438 392 680 953 542 653 550 193 277 345 330 458 937 864 
714 638 671 628 122 427 910 622 413 794 14 685 605 425 226 169 473 665 914 506 971 457 160 522 651 790 220 
983 250 158 200 317 149 872 947 272 652 210 248 66 358 263 105 964 41 332 486 867 998 401 374 970 212 887 
845 216 678 66 552 281 578 105 600 728 978 900 2 631 111 603 51 470 867 157 787 909 490 626 129 841 29 
504 164 594 744 10 163 423 429 717 58 8 823 11 738 155 912 93 139 24 697 191 848 917 701 988 179 544 
616 309 386 998 166 551 593 911 562 109 687 993 827 746 354 4 758 445 512 671 539 4 49 589 197 250 507 
251 239 39 797 856 349 184 855 516 737 801 780 652 912 469 998 92 568 354 449 328 800 962 352 693 320 754 
635 518 5 144 122 246 184 920 103 887 106 312 756 196 466 538 201 731 8 553 177 577 260 627 258 413 943 
964 107 264 719 744 135 726 241 258 973 778 532 429 666 991 94 776 540 562 315 742 294 676 296 472 606 557 
453 866 972 749 831 432 14 551 529 502 630 771 761 604 551 646 387 570 638 482 347 179 45 15 923 693 692 
572 518 300 483 324 519 808 74 703 241 441 607 772 944 239 896 59 844 800 706 232 724 346 68 424 526 114 
441 802 160 486 728 32 787 212 357 659 21 433 363 615 875 972 740 173 212 638 233 409 791 940 995 516 639 
