25 101 845
322 961 212 918 782 458 113 325 472 207 116 571 190 761 829 935 897 655 450 104 977 125 920 458 806 649 699 745 416 842 589 739 804 154 658 940 613 125 266 86 685 735 10 228 497 840 516 747 848 967 853 826 445 126 637 252 128 690 998 545 533 941 637 691 96 296 984 63 774 251 502 460 340 514 42 838 707 559 939 909 880 793 736 326 272 727 580 401 418 931 299 304 225 937 996 323 586 981 739 362 586 
242 175 279 109 218 470 170 779 410 80 660 204 817 339 477 897 920 231 668 205 531 974 431 821 323 107 761 306 847 476 245 443 652 525 553 224 996 724 356 408 805 369 965 976 709 444 874 983 28 896 189 913 871 621 87 195 730 849 854 578 326 100 22 332 626 929 909 976 654 266 385 813 988 351 142 698 148 369 682 530 266 872 444 138 495 532 687 578 735 542 509 62 644 885 747 623 815 657 952 822 924 
338 988 913 43 131 965 544 854 648 75 121 874 872 613 722 758 301 301 494 844 163 557 841 49 306 818 217 316 771 41 242 463 382 508 859 515 826 756 370 828 833 844 703 58 458 426 817 112 80 312 310 244 871 152 295 530 323 513 847 448 907 442 264 291 304 124 159 131 881 882 312 67 727 16 127 539 443 945 652 876 611 963 122 835 469 770 366 793 636 566 594 545 362 859 189 667 336 349 151 571 584 
465 991 312 834 471 852 631 770 858 508 382 822 631 218 292 754 937 439 392 504 34 938 219 247 480 887 936 182 392 860 767 210 853 432 45 325 286 29 448 497 539 831 320 523 402 614 279 340 54 672 198 441 963 418 41 444 659 979 627 404 840 747 967 694 180 365 373 819 396 822 317 936 7 639 812 410 606 92 104 13 117 655 455 433 426 498 230 438 830 210 843 671 958 163 719 140 530 93 312 927 268 
631 864 276 271 677 688 230 123 145 244 593 801 52 28 228 551 611 20 382 823 864 407 134 29 127 627 560 221 941 488 490 573 705 120 197 735 161 428 211 307 673 806 461 726 187 42 631 799 63 366 975 929 774 111 311 902 739 224 124 33 65 968 607 123 89 805 859 603 234 72 911 260 231 373 988 419 416 972 571 481 339 548 763 115 12 427 18 104 652 496 139 70 817 99 194 259 258 54 863 493 479 
775 107 711 501 448 483 270 421 56 104 761 957 868 877 322 648 249 779 301 98 271 724 916 372 919 176 631 327 40 477 807 168 585 872 22 386 708 293 808 117 399 571 427 620 801 750 622 403 883 276 502 155 2 419 880 922 596 512 602 989 343 763 158 281 988 181 669 697 828 478 816 580 402 244 553 557 348 176 961 584 454 817 740 809 237 622 84 187 487 688 529 831 452 689 114 441 223 784 139 404 615 
308 337 19 906 892 577 607 421 891 192 228 709 933 38 300 908 124 840 397 813 370 581 618 412 48 60 989 185 552 394 802 214 733 822 473 978 752 81 400 996 274 630 59 560 21 360 822 146 201 572 312 572 154 931 338 556 344 328 742 898 723 545 465 809 720 939 788 825 21 542 823 648 525 883 209 547 596 384 695 798 957 8 723 465 941 62 22 286 391 765 537 468 312 3 278 385 295 420 212 317 315 
36 966 841 272 529 389 869 266 437 20 225 447 96 691 741 160 714 380 904 480 271 725 145 627 357 532 924 778 745 594 446 134 914 288 759 444 678 629 711 117 2 289 917 99 981 11 612 48 744 870 530 16 596 28 645 954 913 922 85 11 517 532 498 432 821 258 229 853 240 942 323 243 584 593 696 567 605 309 968 350 180 851 720 130 881 366 85 795 289 524 160 807 57 659 593 232 919 823 438 160 118 
114 757 704 708 454 624 666 764 593 369 298 446 90 429 680 809 867 828 451 392 989 612 803 650 206 388 570 30 179 83 150 294 841 855 355 648 480 374 414 426 744 65 873 836 847 906 998 67 736 451 813 726 64 969 729 623 358 652 654 890 737 157 537 931 13 245 581 846 620 348 626 365 766 852 554 614 760 554 682 497 6 496 576 423 466 307 399 177 960 54 420 50 213 958 983 579 556 917 779 177 266 
406 544 33 259 99 0 372 6 35 870 365 885 448 789 704 108 189 883 69 597 656 121 163 968 457 95 525 375 875 704 642 634 601 28 247 53 381 620 61 417 844 427 303 645 218 9 754 760 245 824 710 254 298 874 223 756 971 102 132 199 807 127 835 761 508 435 815 890 56 877 309 253 306 965 899 877 327 654 990 573 832 702 829 483 929 405 241 901 508 726 102 668 207 290 430 716 726 247 960 135 125 
622 390 432 588 290 662 269 298 654 843 483 357 25 967 639 784 561 542 293 641 997 963 849 640 394 918 719 994 231 855 121 854 598 906 796 242 570 66 893 577 262 377 287 641 697 927 426 612 470 72 254 820 388 456 461 136 727 533 131 960 390 253 167 989 513 964 584 84 383 478 662 -1 856 302 641 907 230 420 520 54 845 775 875 235 584 690 372 664 224 504 625 967 111 146 310 625 463 895 62 200 375 
725 200 232 28 194 492 611 967 13 666 813 141 895 49 726 586 774 744 163 280 722 132 392 869 443 370 334 339 433 535 715 511 88 301 892 283 794 504 251 161 172 417 303 68 468 383 7 243 128 171 876 851 656 621 74 100 992 761 793 426 649 861 938 738 515 831 374 663 689 978 825 862 396 481 283 217 865 643 814 346 815 691 551 473 314 978 926 659 740 72 439 742 935 378 481 803 563 208 467 253 539 
645 468 936 128 104 507 346 748 322 46 916 14 598 742 681 929 670 694 670 95 134 413 31 865 247 836 429 808 656 35 348 303 856 637 432 961 145 131 62 468 178 980 836 777 723 870 707 746 565 730 843 700 496 227 919 96 416 349 905 74 738 254 730 947 893 163 262 39 295 325 861 827 306 698 605 383 569 666 130 488 749 326 189 599 555 109 696 324 812 603 751 903 210 482 851 456 998 114 497 647 793 
711 475 100 410 433 836 332 452 968 821 203 647 364 803 555 826 852 881 991 456 985 895 20 469 100 477 468 567 327 116 361 39 592 815 450 379 652 784 832 973 958 36 974 323 192 530 151 398 764 143 855 751 392 876 573 845 707 42 413 35 512 128 76 457 296 527 837 301 664 671 628 624 60 603 300 606 486 804 5 604 949 213 356 694 91 282 540 151 325 954 187 190 435 264 649 732 145 487 35 810 159 
664 787 573 620 441 180 459 246 186 64 196 400 773 243 844 56 784 996 383 92 185 574 528 802 576 262 948 65 650 112 577 667 900 151 640 342 684 100 942 223 166 491 977 940 736 822 998 521 172 734 614 710 661 144 865 591 759 815 657 762 928 587 430 181 92 71 877 777 172 820 2 691 312 980 985 49 155 336 924 680 423 539 743 437 36 610 29 796 426 39 911 355 628 342 889 721 766 767 499 292 588 
854 984 902 187 322 304 696 659 229 377 83 770 474 522 159 85 552 957 864 593 869 572 574 565 462 296 684 231 148 977 820 4 315 75 544 638 381 241 299 611 620 735 734 95 258 895 533 164 205 398 110 427 323 685 345 786 334 31 18 483 9 192 840 677 268 386 317 2 980 969 615 953 57 702 49 669 598 935 834 156 686 297 937 10 335 283 798 670 315 169 506 678 714 700 356 984 439 26 987 420 348 
955 375 407 659 777 77 610 714 264 120 753 914 58 765 250 342 916 273 11 438 780 42 154 833 751 491 273 131 479 695 480 788 71 240 800 201 670 411 916 287 884 671 554 943 789 805 639 58 431 651 497 565 46 652 399 798 496 674 930 329 370 764 118 794 357 919 996 381 683 266 669 569 290 225 865 80 383 505 491 816 509 989 382 556 995 782 708 492 809 991 822 180 756 293 327 467 213 677 849 250 944 
519 820 587 97 686 20 834 545 512 3 55 502 386 965 850 521 674 344 684 666 519 865 776 814 546 244 380 224 94 983 521 966 156 461 417 196 482 604 742 995 608 150 850 347 116 54 869 143 751 554 811 271 773 940 438 672 185 172 249 632 156 123 951 314 585 721 863 68 326 606 416 935 757 619 283 227 674 506 371 426 413 183 51 539 476 490 564 14 15 814 647 525 938 952 192 524 674 56 945 354 663 
362 642 773 983 927 1 658 786 374 438 552 910 490 93 388 333 658 403 350 826 404 228 765 709 421 643 736 478 589 91 494 305 735 268 289 15 623 300 154 998 91 707 261 582 153 650 269 813 407 972 992 164 201 110 874 623 754 963 454 697 408 301 3 496 570 645 512 194 298 667 545 391 375 808 326 530 811 596 696 571 569 41 88 771 152 315 747 908 280 554 958 689 856 962 186 780 960 51 975 259 719 
874 3 447 35 331 330 847 928 379 772 851 421 861 975 575 178 724 836 811 631 147 501 489 110 40 270 423 92 598 683 164 825 688 964 861 372 648 62 653 28 187 505 803 49 482 731 580 559 920 392 191 68 894 33 531 287 656 955 380 608 991 897 434 32 863 649 405 864 64 60 245 252 566 49 302 401 133 884 961 54 277 506 475 525 540 7 813 550 315 547 159 308 445 946 341 661 596 100 526 661 161 
773 914 80 175 570 483 310 455 445 717 85 952 546 963 846 554 778 397 223 326 909 532 124 856 226 139 454 327 18 468 489 144 736 571 321 307 407 984 115 853 54 201 159 601 166 6 509 297 756 733 976 666 618 101 875 845 593 330 526 613 152 368 758 889 292 432 197 700 417 313 555 473 867 67 427 34 426 937 332 183 23 661 202 642 116 78 841 710 762 720 324 915 89 436 157 383 869 355 84 640 21 
640 466 889 60 894 277 487 185 962 671 209 625 226 205 742 306 399 453 421 120 131 689 210 568 847 594 438 203 32 431 577 25 898 467 87 794 97 575 980 61 600 542 687 827 100 430 486 500 236 260 973 720 950 537 289 798 484 81 354 517 513 932 544 413 753 632 560 851 560 893 913 161 436 953 342 890 736 181 743 326 443 718 47 394 256 690 546 741 772 253 260 638 187 157 404 293 790 965 497 703 859 
764 866 649 718 561 540 808 743 284 135 539 355 183 287 612 874 834 707 -1 88 320 991 628 478 396 274 621 363 773 325 575 538 544 225 609 106 118 418 203 756 554 743 112 91 31 78 318 218 786 671 660 107 663 289 938 60 565 560 776 691 238 353 230 784 931 192 243 403 612 447 160 519 544 273 963 928 352 283 148 491 955 161 951 971 451 890 32 369 803 810 413 43 516 644 180 800 838 424 204 803 873 
365 323 770 992 640 699 697 924 200 190 232 362 142 204 167 386 589 889 190 752 304 234 621 301 415 423 492 193 980 296 419 699 973 190 44 614 890 742 891 92 933 476 807 429 33 975 816 623 866 7 729 171 595 351 825 363 127 319 557 109 968 977 161 942 520 206 909 412 949 153 857 236 630 17 666 16 994 835 993 213 843 723 737 791 427 563 156 556 883 66 18 205 397 532 148 918 739 411 683 41 565 
893 630 549 912 297 918 907 485 912 473 330 988 211 122 417 775 631 326 12 699 697 218 449 230 719 368 322 131 53 716 50 299 348 600 212 998 519 472 485 785 946 168 774 158 643 544 287 276 223 652 328 921 871 778 504 591 147 827 76 553 897 127 206 246 80 419 245 952 245 83 90 544 252 218 704 897 763 344 526 340 997 855 262 221 986 768 165 486 948 242 393 846 722 600 445 155 20 44 461 618 128 
