28 30 477
828 959 337 273 547 822 976 498 774 912 601 565 408 959 637 786 455 554 865 17 14 576 746 518 674 464 810 914 934 483 
390 116 443 728 390 344 903 719 843 678 632 445 244 393 757 235 181 213 790 399 584 806 977 331 677 4 148 840 919 84 
324 311 553 121 392 944 466 297 16 662 976 649 108 574 44 218 810 578 784 953 978 369 112 308 54 790 666 555 984 586 
992 309 250 546 431 644 843 250 942 860 913 271 863 374 198 908 593 9 839 731 316 170 453 429 480 860 573 147 417 558 
86 410 220 338 958 5 983 154 256 278 16 171 550 880 546 102 141 493 112 333 225 781 504 31 212 337 893 138 837 311 
697 925 722 270 616 33 276 600 541 534 879 558 706 782 439 605 885 933 99 351 267 677 485 772 710 698 111 604 837 949 
268 887 227 991 159 844 378 436 797 920 323 29 831 30 165 271 989 403 557 441 755 825 120 594 598 183 293 62 788 484 
365 57 724 945 401 236 791 132 674 941 405 350 972 237 382 138 861 724 542 419 166 651 597 287 246 197 823 892 612 964 
729 330 22 455 277 777 692 421 262 719 363 21 71 336 611 806 827 474 531 371 246 698 375 197 339 622 747 163 867 360 
129 598 692 504 54 970 634 99 392 250 820 756 272 244 446 884 51 274 711 935 998 311 634 374 509 326 349 257 843 218 
970 325 169 663 830 576 986 818 676 731 69 849 841 694 94 288 579 498 915 644 434 915 308 422 642 818 749 345 428 945 
916 399 271 86 416 455 663 755 274 692 488 696 543 330 391 990 971 323 490 887 320 277 155 629 700 151 800 803 497 229 
749 766 982 22 853 751 830 869 507 457 914 996 154 810 679 898 802 651 574 645 892 896 923 400 878 625 552 680 429 402 
262 531 169 597 906 23 349 737 245 858 195 161 207 702 972 240 601 127 892 177 773 137 426 50 539 305 676 92 986 458 
496 250 342 666 200 250 43 551 988 641 762 537 155 322 240 481 563 195 609 809 373 736 947 800 787 487 106 816 581 446 
627 430 49 970 449 250 221 845 802 563 488 917 453 644 241 694 126 805 890 89 615 616 178 564 769 966 404 877 135 338 
676 763 769 726 86 572 977 661 418 133 577 259 51 31 257 645 78 736 452 322 826 420 939 5 337 62 324 743 292 812 
82 969 928 205 696 16 130 26 30 549 160 608 162 565 992 420 211 71 157 16 394 337 790 687 343 128 102 21 224 395 
186 660 365 116 866 414 485 349 441 516 251 955 477 414 521 470 835 85 542 346 103 290 684 894 330 380 375 433 402 601 
829 942 262 547 59 481 962 897 831 404 766 83 360 244 851 234 715 687 321 610 34 777 253 719 24 936 453 400 370 856 
2 552 151 617 100 211 451 63 461 635 821 228 72 534 473 924 770 541 964 92 505 0 222 759 72 247 697 526 648 420 
736 4 974 888 974 427 453 427 844 915 63 666 497 136 201 971 413 324 866 379 417 372 732 992 132 157 240 182 37 890 
604 126 247 931 15 222 359 821 650 204 90 67 223 588 556 778 912 971 103 779 703 874 152 436 867 638 594 109 821 984 
352 778 111 600 710 480 823 71 302 827 628 745 247 205 334 156 984 248 480 88 380 184 963 886 973 184 877 921 294 699 
906 -1 831 19 600 542 500 776 966 155 956 948 902 204 154 237 714 491 838 195 580 572 381 897 459 355 82 689 629 729 
389 537 729 221 557 682 117 410 459 84 566 769 385 469 974 540 60 41 32 251 238 966 824 972 216 636 680 651 326 311 
381 69 849 463 643 759 146 761 170 958 199 737 728 585 560 56 479 973 98 864 225 689 831 403 662 400 392 344 52 72 
656 786 494 506 602 138 618 101 253 789 61 805 879 142 391 792 551 223 766 651 89 345 341 273 749 357 27 494 702 432 
