127 119 332
560 133 915 492 265 862 25 911 564 479 268 80 127 418 747 92 616 367 487 997 985 552 125 685 675 684 687 183 863 507 866 425 641 134 918 259 997 296 171 914 776 792 995 256 212 743 350 829 112 190 827 98 743 305 136 771 342 825 955 207 333 822 985 327 957 904 587 308 553 111 223 682 904 220 940 469 316 643 651 781 834 832 233 930 490 370 702 834 548 10 394 234 833 380 562 143 637 502 452 191 966 29 874 224 250 167 46 919 163 699 702 998 884 936 281 375 659 336 562 
209 347 957 796 533 338 360 30 328 215 483 520 535 865 748 760 468 268 807 389 433 859 444 784 744 381 67 473 393 756 36 955 105 347 753 639 38 466 670 368 682 507 889 218 373 990 331 843 260 140 585 694 0 30 831 746 764 899 572 158 9 961 115 115 309 869 755 349 336 779 70 371 287 312 943 13 304 275 209 917 416 795 612 418 826 796 517 591 49 442 103 59 404 219 175 67 89 283 417 778 63 488 150 703 801 94 718 458 723 928 376 140 77 341 911 256 139 781 201 
189 224 305 249 982 525 425 50 967 61 820 746 126 309 897 830 463 345 901 275 69 183 652 562 261 995 827 870 487 609 72 677 187 378 279 170 904 57 221 224 119 42 971 598 704 222 430 520 920 684 796 342 220 450 905 482 798 733 706 286 696 779 316 884 159 596 55 416 654 277 642 126 672 966 726 377 541 509 898 462 194 48 805 416 851 64 251 650 798 958 289 495 739 606 380 251 555 788 668 562 418 663 689 91 631 416 821 173 926 73 989 474 122 147 243 974 212 495 625 
364 807 267 860 899 874 594 151 782 735 172 345 155 189 35 247 173 453 70 699 732 496 689 207 619 838 451 594 51 300 572 768 460 840 982 360 67 577 864 850 665 389 196 821 579 584 422 105 390 845 806 124 342 848 684 962 687 489 909 92 142 482 861 603 675 844 316 743 774 181 594 793 923 143 615 856 728 390 962 120 236 121 597 931 971 634 246 11 476 156 456 619 991 671 575 667 516 892 411 644 426 358 438 351 502 406 560 584 150 523 57 739 998 7 672 970 642 919 982 
120 429 440 92 421 112 669 90 981 914 854 978 342 214 769 46 69 529 959 6 680 835 64 420 834 72 445 805 68 718 141 541 148 934 634 570 399 656 13 381 572 869 713 267 436 835 666 506 717 626 514 398 462 931 172 650 357 970 456 778 689 598 320 838 533 307 762 285 317 776 668 890 998 734 510 435 922 529 295 641 508 162 392 323 94 917 974 804 889 432 583 931 383 256 123 270 917 886 556 235 15 577 478 15 664 341 803 588 871 99 582 380 614 975 56 710 246 32 867 
136 817 804 420 553 413 544 176 331 431 734 919 800 664 398 816 682 740 972 623 964 425 206 697 40 534 755 103 781 140 972 270 958 129 692 864 543 237 42 228 670 129 148 823 794 900 992 829 993 965 453 311 391 660 9 785 548 117 889 330 258 214 602 217 696 647 83 593 885 478 822 908 608 323 732 755 576 725 586 571 44 392 235 436 54 245 574 955 364 465 286 623 32 241 194 730 241 630 324 128 109 499 389 718 823 123 826 753 201 413 677 246 807 913 36 214 159 611 522 
876 429 161 853 463 756 400 194 998 31 519 479 493 19 870 564 195 346 391 949 900 158 627 148 318 893 537 885 54 149 408 283 580 570 137 396 327 538 591 327 922 111 807 416 483 30 333 679 377 726 630 279 237 610 780 556 505 318 442 912 820 851 196 753 774 687 150 103 578 742 431 502 206 591 271 690 623 606 371 353 685 354 633 923 965 766 832 823 85 275 736 907 479 286 661 254 326 165 358 257 908 142 760 116 87 385 807 711 344 531 65 382 886 52 306 205 819 139 29 
258 767 119 166 247 758 180 854 85 346 214 343 608 709 457 725 797 195 885 861 892 418 928 275 657 333 582 863 505 74 894 764 194 366 283 442 477 817 649 563 516 216 259 125 927 69 203 77 617 90 940 510 861 221 786 519 555 721 384 61 796 631 179 343 350 463 786 828 281 789 744 799 6 356 277 934 779 482 13 397 925 954 261 787 176 48 659 84 123 396 498 272 380 678 617 731 143 756 912 777 546 657 929 554 367 208 841 147 43 855 897 969 162 159 109 691 561 769 776 
685 519 276 958 900 307 576 985 803 686 898 934 233 909 864 788 277 425 983 425 469 839 323 791 355 836 253 47 398 376 177 436 896 806 395 149 114 325 135 271 12 35 206 598 945 71 388 223 850 372 1 672 564 677 465 272 514 71 321 265 448 851 702 345 658 451 496 125 129 984 397 142 20 956 741 318 29 482 894 232 207 896 905 125 927 723 398 794 796 72 61 245 924 116 944 935 568 793 414 698 778 164 193 152 122 288 471 504 123 719 89 332 616 995 810 896 720 209 692 
869 635 754 115 912 223 412 201 145 206 968 196 986 133 391 491 608 32 315 465 156 35 555 841 5 904 652 902 625 215 595 847 203 702 963 116 927 377 670 73 936 639 270 275 126 14 767 735 47 84 554 557 120 110 399 126 367 405 30 345 973 978 193 177 682 158 294 610 888 318 36 825 958 659 102 85 675 222 174 75 307 729 633 429 192 386 908 561 792 291 907 766 271 102 944 954 613 591 917 854 910 954 680 222 614 135 308 642 359 483 719 667 213 705 449 759 92 711 321 
237 3 581 4 275 36 301 230 2 246 148 857 509 455 891 732 71 27 42 714 739 878 786 760 445 493 562 205 586 274 879 825 279 461 182 555 851 485 139 854 84 640 713 594 97 957 680 169 985 723 236 78 602 24 839 400 518 402 606 457 30 486 283 310 301 819 218 153 657 710 8 742 352 74 689 450 32 370 972 371 94 561 450 50 586 642 451 457 397 411 916 428 898 552 91 200 372 663 706 382 374 716 125 79 791 816 530 177 539 855 549 635 418 352 38 5 995 842 816 
745 606 733 175 506 638 619 59 364 283 767 747 11 836 874 91 980 43 975 158 583 831 60 571 250 413 962 609 761 158 426 508 765 512 36 624 151 656 37 868 293 157 617 305 994 844 397 975 240 373 487 824 206 548 749 809 963 64 419 77 223 198 586 342 711 623 319 216 633 357 85 927 867 703 233 862 900 983 191 141 358 679 319 917 580 421 727 896 486 500 975 63 699 914 758 764 891 78 981 525 789 419 453 657 476 39 873 377 23 65 872 734 97 192 4 30 614 85 928 
101 586 904 517 638 171 276 755 63 356 89 589 498 510 395 508 339 435 382 717 812 800 590 899 250 135 905 282 750 991 211 205 930 468 723 921 640 1 30 705 710 120 647 561 983 44 70 323 832 806 42 997 607 985 898 859 122 156 142 225 500 706 431 431 175 508 705 168 862 736 874 925 210 523 487 194 920 910 519 753 717 914 752 326 900 3 538 375 160 33 602 661 740 386 445 268 895 503 437 110 241 665 36 804 189 876 -1 110 788 519 216 506 786 969 185 688 325 76 416 
486 110 19 148 203 759 946 472 7 451 263 119 45 929 508 850 471 386 850 934 527 723 151 386 862 474 925 551 800 2 969 640 114 341 789 318 101 737 144 462 189 408 934 587 690 443 438 162 182 641 449 62 717 601 450 581 428 376 485 582 731 807 223 846 150 365 518 604 103 663 419 645 424 354 233 115 799 24 630 334 19 80 398 737 34 201 671 464 578 158 399 310 966 623 510 469 989 29 427 446 45 847 92 822 555 679 290 355 56 921 42 76 354 441 167 741 643 839 558 
574 998 958 238 318 582 101 140 573 483 568 20 529 769 465 704 325 497 995 33 907 269 76 984 624 871 152 366 867 345 926 443 344 237 34 15 821 136 157 747 972 78 120 502 200 586 559 878 437 555 912 697 825 342 682 802 566 188 521 434 534 800 230 231 39 617 248 213 106 758 961 79 837 82 934 39 21 494 918 459 50 184 157 228 527 193 383 446 734 906 881 621 59 465 853 99 83 102 313 191 213 275 271 52 710 207 92 733 54 363 545 106 548 56 687 428 250 72 875 
337 331 110 959 391 576 813 492 660 269 158 204 483 787 477 888 498 37 333 232 92 698 131 551 247 188 240 29 791 665 257 129 997 368 441 389 297 607 234 311 877 394 516 714 534 346 955 385 736 290 619 830 989 103 734 589 292 975 619 84 993 878 566 991 599 8 382 898 616 969 562 847 364 79 914 251 779 870 638 516 161 610 699 151 714 435 742 7 763 714 444 758 945 11 750 898 372 485 149 989 456 712 189 173 144 104 426 924 976 417 794 138 28 494 643 95 930 738 455 
695 453 900 454 752 264 557 651 637 44 801 979 853 514 170 27 11 627 806 937 604 224 732 96 605 227 92 701 511 831 509 207 637 410 14 390 27 572 394 17 969 196 998 823 63 521 204 76 501 363 366 107 941 99 556 899 679 649 602 543 833 112 751 471 876 118 215 904 692 610 275 14 808 274 191 872 148 748 301 650 112 668 110 406 120 19 307 153 21 262 697 855 375 802 328 604 921 544 862 966 155 138 334 316 765 526 542 914 275 844 917 740 866 381 148 339 401 456 493 
424 719 192 280 447 347 961 405 269 858 268 589 367 759 924 684 525 451 579 792 79 425 62 172 644 444 321 984 199 130 479 624 202 24 257 3 724 572 409 994 431 30 936 799 790 861 837 668 313 417 461 745 195 524 919 840 322 593 178 522 77 10 499 280 387 757 284 112 330 46 459 115 77 397 915 220 259 105 889 926 524 703 24 720 581 296 914 904 891 93 779 321 104 279 602 492 389 240 957 73 639 417 189 70 815 457 291 428 564 182 707 89 238 732 162 820 30 77 725 
274 171 857 596 628 137 551 473 528 144 431 602 785 850 792 856 18 602 148 799 167 683 507 609 923 241 773 96 624 851 175 899 376 33 496 5 172 400 480 53 546 264 656 332 115 801 189 487 404 690 287 573 727 796 183 3 390 309 100 367 162 628 267 891 663 116 897 188 517 730 242 416 996 899 749 464 53 291 952 458 983 593 384 63 742 921 67 485 231 520 853 746 150 121 638 814 590 889 3 460 620 598 878 969 498 628 787 904 273 740 363 609 686 101 673 429 375 93 915 
607 614 769 707 765 243 346 932 186 236 288 648 210 887 527 180 738 508 968 643 782 62 360 392 101 814 418 532 190 512 800 150 128 923 858 246 519 206 532 707 795 173 356 6 62 236 540 153 745 861 150 881 276 863 626 379 678 46 264 221 911 417 372 40 341 232 640 862 439 525 922 587 699 631 595 114 868 488 269 966 350 772 200 628 636 828 360 667 227 625 889 139 395 262 533 738 847 174 953 287 700 228 228 752 860 824 868 729 313 490 48 16 263 250 997 252 431 358 272 
659 336 162 799 733 777 333 824 626 860 130 266 913 359 495 667 220 672 536 302 338 379 351 356 643 954 706 248 386 66 521 46 755 36 847 841 166 533 666 793 747 797 413 661 509 261 681 730 287 570 33 626 950 738 335 594 693 43 195 81 462 717 480 570 754 680 413 922 215 80 68 315 231 834 977 741 97 12 825 385 583 211 364 887 302 701 482 997 97 31 431 912 749 912 483 505 594 897 780 162 331 201 478 915 37 808 9 487 821 187 225 758 400 590 646 703 644 481 53 
94 513 837 7 264 751 844 122 698 94 255 861 426 457 692 694 495 501 705 983 676 893 561 435 646 505 434 703 150 916 109 598 783 948 958 48 52 803 523 751 899 779 965 678 589 658 374 86 512 432 422 541 326 985 977 326 491 764 30 994 34 140 593 818 441 905 219 494 709 743 246 961 875 212 641 465 223 368 904 89 801 680 631 480 666 962 807 510 727 190 857 762 684 804 933 126 710 153 622 420 249 221 735 477 787 377 944 11 746 201 101 900 882 734 381 901 49 542 412 
777 733 623 893 418 428 827 898 139 334 521 912 584 743 0 63 531 378 360 896 477 562 350 378 798 437 113 700 487 656 466 266 742 90 512 162 871 340 413 363 675 935 628 613 31 630 29 916 9 390 813 840 305 164 571 104 603 685 158 443 694 625 62 438 68 575 601 940 269 15 304 297 303 933 911 687 916 941 604 279 684 770 120 991 936 692 448 892 731 607 336 426 585 752 865 654 328 819 947 598 187 604 897 843 891 161 532 808 456 137 88 141 909 209 133 198 255 935 443 
339 895 132 766 482 885 985 489 215 805 790 166 346 395 416 190 287 579 723 97 36 214 538 530 124 101 17 675 357 953 119 49 849 252 816 684 491 154 527 707 313 670 226 660 66 644 851 707 576 928 157 965 143 696 848 620 798 866 296 508 820 768 558 23 373 728 60 865 883 940 925 197 611 153 210 31 150 63 739 79 992 249 397 488 946 246 109 746 114 406 607 287 527 167 663 901 896 725 768 132 18 694 683 983 200 894 15 703 958 107 783 303 357 533 792 656 781 254 755 
248 13 364 536 541 532 201 444 781 279 565 914 650 260 598 634 814 494 2 518 805 110 303 462 820 189 607 830 971 863 586 220 877 951 110 772 484 664 217 618 944 135 534 947 396 485 583 563 980 586 83 139 50 739 602 223 929 210 54 902 74 994 475 305 946 586 78 784 251 648 403 548 784 938 497 533 425 433 98 758 372 534 898 775 274 501 352 556 713 407 811 140 402 288 446 702 227 877 487 832 878 891 733 663 183 583 550 961 17 1 720 743 536 972 519 163 826 872 720 
892 633 533 34 388 174 833 91 402 712 931 587 943 824 322 960 360 258 511 322 629 865 395 373 402 720 245 566 548 119 639 441 105 173 476 494 700 663 939 104 728 871 44 672 48 719 633 409 979 497 84 609 363 481 983 766 202 229 685 103 701 326 546 159 852 375 7 554 39 947 11 120 171 56 794 221 777 428 983 757 927 69 719 291 903 703 411 458 285 97 563 340 776 110 500 630 838 860 185 231 160 197 352 333 606 147 907 736 929 243 846 209 313 566 853 569 622 265 29 
909 716 593 602 493 56 455 124 895 317 662 479 478 212 185 164 172 685 72 909 615 317 757 177 983 324 32 554 948 298 584 210 15 530 813 510 587 269 987 835 939 651 668 419 216 854 936 389 540 362 300 157 32 58 335 16 735 368 923 684 20 860 247 36 391 413 899 331 684 240 168 976 892 837 748 461 692 686 204 585 49 505 743 82 916 432 451 4 153 728 42 174 589 290 564 334 705 816 666 742 57 187 719 302 25 469 765 70 508 970 657 558 828 753 993 97 538 797 102 
693 526 145 220 117 789 137 452 847 955 471 590 365 660 662 669 38 484 787 462 993 110 120 904 291 226 250 389 766 49 844 812 576 343 385 46 485 524 851 333 832 676 924 198 337 939 220 376 425 360 839 419 471 312 677 115 892 928 505 11 330 703 824 260 399 210 307 885 87 512 219 272 189 496 824 879 436 45 256 862 759 449 635 231 114 665 348 7 594 206 19 926 262 196 539 662 760 199 548 200 712 120 474 254 617 299 134 55 697 744 270 457 546 258 42 661 924 743 22 
872 302 394 151 566 944 691 229 705 891 131 258 605 252 733 212 223 385 700 631 436 445 902 246 344 514 641 358 439 385 381 312 689 129 464 608 74 508 190 132 401 322 391 359 928 478 572 152 216 625 784 5 71 39 253 768 554 895 128 995 634 862 660 676 992 478 285 419 987 476 904 389 152 297 101 81 128 27 234 697 653 371 704 78 411 310 847 967 558 976 315 193 192 976 870 185 807 508 958 796 986 863 538 139 513 641 573 642 669 808 693 323 532 398 402 944 61 603 912 
620 580 580 167 125 910 390 312 718 900 271 515 239 487 407 731 2 401 305 997 71 466 691 747 -1 90 503 944 152 107 210 126 40 143 294 167 54 685 832 774 938 456 642 178 944 50 910 299 804 568 298 228 35 990 977 387 82 833 685 587 293 896 66 686 40 361 206 96 400 391 223 339 848 866 519 146 270 782 446 75 352 97 305 740 89 635 129 524 821 815 464 467 64 532 154 105 894 714 554 295 106 130 988 308 998 508 807 621 291 606 49 996 705 707 738 795 343 868 320 
517 684 785 985 749 670 493 207 918 208 115 566 315 246 555 976 597 64 784 571 709 744 622 58 450 330 797 598 27 18 919 897 55 57 884 805 81 378 366 0 587 482 567 255 81 124 233 32 541 370 604 603 115 579 663 918 263 813 517 643 833 437 541 889 848 426 48 930 805 415 283 745 250 851 354 684 328 940 717 871 311 675 827 780 607 491 699 871 658 218 515 492 8 58 382 209 485 783 492 644 551 776 742 802 981 97 840 310 390 910 182 703 586 11 836 195 855 888 419 
514 459 936 359 469 347 95 31 185 879 877 830 432 654 926 587 988 376 428 300 768 340 835 824 279 199 13 827 56 902 600 923 363 537 284 185 885 380 217 423 612 95 607 45 103 534 986 92 263 415 393 32 108 582 857 741 782 223 921 191 127 522 116 491 412 753 29 650 486 247 75 99 696 683 498 152 570 485 245 834 253 992 868 715 927 78 809 710 303 731 255 783 607 724 627 20 478 657 24 965 257 100 417 306 136 268 459 707 754 58 542 361 403 763 77 331 195 239 394 
499 971 650 635 931 375 263 305 854 921 330 172 531 783 943 839 920 212 299 980 320 710 523 682 114 640 112 446 836 352 842 688 676 493 324 961 222 940 267 77 862 598 603 394 382 899 586 655 112 887 636 785 598 512 468 66 153 933 513 342 638 708 31 668 555 708 630 778 649 898 208 864 849 164 612 232 64 199 240 530 439 877 316 391 742 138 458 249 72 324 592 64 386 977 733 942 38 364 73 689 615 634 906 465 800 519 50 217 72 291 748 512 521 66 904 264 205 715 866 
630 41 812 695 428 790 781 723 181 498 149 223 114 784 131 932 585 3 983 804 76 627 905 942 149 972 847 767 530 916 986 514 310 799 562 91 942 345 815 125 196 965 349 312 102 833 597 689 838 934 846 267 562 752 210 65 78 411 185 961 328 172 476 639 973 40 731 268 386 899 394 583 217 97 248 320 283 199 362 474 134 561 743 697 315 306 115 746 718 301 708 399 475 186 39 801 227 123 70 966 375 818 902 593 268 504 267 552 704 630 28 839 193 124 889 861 431 6 608 
503 308 317 903 136 856 944 290 436 420 362 403 797 533 307 743 154 812 11 707 869 995 88 709 189 565 951 51 350 958 12 854 268 682 758 757 540 55 49 977 477 764 734 627 650 394 723 805 559 88 865 429 84 307 491 274 873 443 678 224 755 691 431 24 726 191 134 619 247 184 598 77 949 685 705 600 80 782 758 640 871 625 422 956 933 914 583 159 710 262 737 466 306 169 843 33 361 979 654 610 516 605 40 819 643 99 772 724 882 532 717 754 158 492 63 444 759 647 604 
470 262 342 290 921 513 134 307 227 466 962 190 984 920 232 156 916 332 929 993 567 462 711 674 973 204 738 418 964 738 376 788 353 719 79 275 585 566 583 166 34 899 357 371 172 590 528 90 275 810 84 843 274 149 870 600 706 961 372 24 700 749 813 54 821 245 682 760 812 267 927 199 519 285 571 692 229 452 135 505 264 221 702 891 371 573 844 430 536 217 455 589 967 269 997 142 867 680 903 681 300 831 881 820 117 806 866 347 259 2 206 876 224 261 768 948 187 614 380 
76 184 188 667 153 811 17 648 679 50 552 361 352 384 596 525 854 403 744 555 15 748 114 893 325 376 14 627 564 981 360 994 167 549 14 673 361 32 322 42 83 227 756 788 964 353 667 819 109 412 727 478 161 842 724 840 571 739 468 489 74 829 484 242 379 499 268 742 884 943 137 968 171 894 110 136 601 778 308 63 543 37 542 706 232 619 899 805 712 368 295 787 550 132 382 282 632 651 25 869 947 515 838 119 411 301 608 365 432 917 429 977 955 325 684 541 945 936 347 
10 305 995 798 208 128 533 491 113 537 870 983 485 386 174 605 798 829 214 164 262 485 947 240 793 273 277 335 571 214 35 583 872 31 734 81 512 269 926 626 807 797 962 646 184 490 604 336 320 820 853 583 658 801 825 452 427 455 789 0 671 825 936 896 210 671 979 723 293 906 703 454 56 18 101 241 509 706 578 830 879 785 767 538 587 945 344 368 401 134 369 425 312 658 323 523 682 655 600 977 562 304 784 619 323 886 213 186 945 145 369 178 931 137 717 519 435 62 888 
838 549 610 264 215 621 940 739 305 596 340 635 159 997 420 131 322 307 698 861 605 844 231 784 776 370 855 648 806 270 890 997 821 853 615 37 828 556 129 486 154 823 122 666 821 543 151 496 203 850 358 161 47 591 947 176 314 803 177 121 74 420 472 248 275 88 638 456 645 121 943 800 945 66 468 767 962 620 617 518 823 976 680 871 920 628 48 235 784 226 710 212 648 183 813 276 624 453 85 270 575 29 424 521 448 893 641 411 866 611 930 42 941 611 266 862 593 315 451 
378 894 514 591 895 50 406 524 675 212 610 946 140 992 723 14 441 969 8 853 836 621 136 231 563 101 498 426 695 166 230 426 414 745 371 662 148 778 540 824 343 503 124 484 497 848 851 939 819 860 146 8 482 635 593 46 737 92 826 433 612 409 861 27 508 233 690 657 364 231 483 60 736 960 545 586 161 749 878 981 610 25 343 94 662 937 493 400 382 320 187 995 731 401 23 240 635 67 250 352 651 734 413 740 47 311 327 210 61 207 544 672 585 240 767 600 178 262 354 
914 935 542 910 19 944 287 612 932 355 864 285 359 951 699 101 0 11 781 563 425 989 108 98 928 350 219 529 881 834 884 796 122 427 60 143 724 348 756 657 56 973 943 416 926 995 870 279 359 653 195 785 995 304 237 924 7 457 455 242 644 340 39 767 121 100 263 846 801 373 857 858 347 801 628 626 150 499 258 510 505 454 649 502 112 887 779 472 697 235 715 342 929 108 462 51 561 727 250 364 101 108 575 801 263 204 781 414 57 40 277 915 848 927 770 961 815 551 786 
513 139 503 208 69 964 672 473 526 752 77 243 206 538 172 8 802 377 790 569 787 184 848 56 33 776 827 347 945 379 134 811 872 990 21 942 955 46 769 835 799 847 431 6 738 604 367 542 335 159 464 123 696 313 180 730 443 361 430 741 93 565 553 966 557 575 910 865 974 32 53 774 232 486 781 971 91 502 866 427 662 332 904 359 998 437 442 794 799 873 536 894 791 91 861 701 19 124 568 995 509 974 122 742 461 257 715 554 760 934 334 775 267 239 135 619 30 930 414 
830 156 952 77 948 396 292 651 768 417 572 116 280 547 240 23 10 850 91 917 611 379 604 387 647 197 875 267 228 806 35 59 963 340 490 264 89 783 916 858 553 489 328 834 38 569 211 401 420 655 671 384 35 276 772 36 474 648 656 703 807 692 116 123 33 607 388 475 743 658 687 297 148 16 485 539 938 49 293 711 705 965 96 94 243 221 131 718 222 788 775 30 482 892 506 868 852 247 345 596 906 33 246 408 402 84 948 341 134 243 53 193 561 502 288 805 724 420 877 
947 209 653 330 44 898 837 914 103 85 612 700 993 998 299 402 401 385 703 743 872 299 149 66 862 652 707 20 377 128 898 325 691 904 656 736 155 846 3 259 932 968 960 278 967 613 33 721 351 738 817 576 390 967 996 253 620 704 275 350 186 526 28 878 784 685 967 940 884 324 201 818 293 514 97 614 128 132 688 832 223 507 410 614 827 407 221 801 464 497 152 651 376 182 882 161 220 851 103 106 176 657 277 822 172 727 789 654 212 479 487 436 987 250 404 815 10 626 969 
476 476 123 480 205 658 364 368 231 216 824 338 745 834 968 568 7 697 711 14 910 191 855 700 531 106 105 699 470 84 670 947 561 794 428 767 805 793 488 37 362 665 729 108 500 698 30 861 396 742 876 308 286 84 9 818 192 467 518 663 552 189 963 466 336 744 586 142 539 76 533 254 94 263 716 596 962 747 810 360 842 39 21 129 125 383 300 670 851 819 686 404 362 650 223 699 395 810 195 287 239 81 543 335 345 612 284 308 712 95 21 555 487 395 37 613 779 338 284 
631 510 971 388 873 974 612 926 371 776 474 11 16 556 907 352 254 520 989 915 233 437 938 789 926 686 179 540 467 870 178 99 382 150 841 608 126 806 887 850 583 362 862 601 271 771 306 526 644 297 443 879 87 734 21 14 773 202 556 241 425 87 694 808 238 536 770 717 695 658 568 280 22 784 234 646 908 893 174 553 543 970 785 632 57 808 647 831 363 556 426 789 644 121 951 236 10 722 954 706 381 876 987 756 13 574 756 274 469 283 828 13 606 967 646 664 776 647 848 
492 204 627 282 202 749 586 439 760 309 746 468 44 623 808 153 989 384 910 264 206 194 446 572 801 414 572 818 543 220 20 36 777 648 671 980 751 259 420 512 921 168 333 318 144 143 825 135 880 736 752 439 284 199 12 438 966 585 610 510 806 631 899 585 632 572 566 384 184 340 250 106 861 936 778 6 80 604 494 313 693 600 753 978 800 119 770 120 705 381 983 513 365 884 451 998 809 370 736 994 711 339 453 573 276 232 933 710 189 780 24 884 381 131 863 183 251 634 656 
957 368 640 823 734 877 627 734 687 -1 823 34 63 163 489 638 440 74 924 503 265 705 881 150 88 13 366 624 617 354 281 927 723 274 104 811 153 732 898 193 732 722 229 797 238 71 788 31 146 713 536 764 419 418 267 508 784 987 485 402 342 767 330 418 43 435 230 549 521 129 743 254 204 973 404 443 45 193 476 545 259 13 662 32 784 931 541 569 919 380 972 614 148 655 385 544 444 969 94 318 451 839 925 9 165 331 453 212 877 282 110 138 648 773 171 433 57 65 355 
329 446 680 296 948 337 683 493 134 5 941 805 809 781 731 819 947 63 626 512 942 909 975 433 559 750 957 345 808 23 702 139 823 383 788 124 73 472 618 560 830 912 366 641 694 99 813 995 163 440 860 458 703 837 244 615 940 202 961 749 579 16 241 755 753 31 880 827 856 851 389 40 765 108 34 812 208 848 808 725 642 22 536 698 212 782 314 153 337 628 255 917 646 850 673 400 234 906 580 91 759 322 484 525 432 519 338 993 721 500 719 716 875 609 415 88 744 730 242 
82 359 850 1 358 701 27 111 936 287 693 381 47 16 866 925 449 739 264 796 461 117 868 530 345 478 946 434 223 29 29 307 389 881 661 101 583 41 213 873 329 907 255 729 277 474 655 727 214 273 524 28 743 394 559 90 225 506 525 450 536 556 110 279 790 124 381 726 166 947 600 849 856 208 579 134 684 236 214 899 862 92 929 606 839 841 697 65 349 224 868 238 133 331 518 276 456 252 3 624 201 605 826 410 166 406 897 851 995 464 104 858 557 386 818 749 228 516 168 
578 93 389 818 579 722 689 856 179 943 861 156 497 819 335 908 986 743 806 839 91 623 296 303 182 683 122 284 912 991 805 492 86 196 663 18 271 353 876 451 649 738 961 147 910 297 56 897 393 215 89 838 840 386 494 375 422 969 12 336 961 819 181 400 368 845 420 640 551 649 444 554 388 406 702 651 57 112 549 803 680 992 642 873 731 489 601 155 459 615 844 774 787 26 527 156 224 948 797 128 598 594 683 339 2 739 991 412 852 894 216 885 239 212 760 971 702 714 479 
163 682 324 290 470 351 818 979 928 120 129 58 719 725 742 412 80 482 756 493 687 651 62 574 891 275 687 216 331 402 696 847 438 374 138 909 726 957 242 8 78 372 67 151 450 810 564 531 646 321 377 686 326 441 261 218 69 301 787 401 57 485 601 496 860 740 758 939 51 353 300 482 727 368 634 530 532 551 415 179 226 793 866 553 587 481 124 658 135 265 412 545 751 15 394 964 108 154 256 160 508 558 644 588 279 631 472 812 184 888 344 763 682 564 669 623 398 146 634 
886 412 47 433 516 415 828 833 525 335 443 38 197 354 35 138 634 20 611 448 205 852 145 321 536 710 991 512 461 490 147 349 904 547 783 421 964 964 256 842 653 52 233 203 407 270 342 42 291 307 843 849 160 990 523 49 53 867 562 516 358 62 866 263 611 2 38 576 967 647 771 621 700 5 177 108 628 521 151 272 181 348 474 342 339 998 745 393 218 660 910 578 724 129 842 336 132 233 265 101 881 37 75 582 395 254 43 377 128 548 650 310 897 478 5 237 829 103 983 
49 765 247 628 842 377 823 531 511 58 797 965 292 187 41 876 935 648 272 313 129 821 317 792 719 148 799 309 978 255 294 380 373 542 9 216 920 186 748 784 597 898 750 890 438 793 119 375 794 393 41 925 215 711 70 288 860 870 598 840 479 245 221 853 788 584 71 62 123 172 847 721 424 599 612 863 745 733 591 892 479 986 170 695 698 242 336 560 465 936 753 945 182 327 800 324 264 224 739 388 749 587 462 174 539 428 391 285 514 335 531 994 322 702 42 374 945 380 935 
412 317 41 358 852 369 511 529 635 736 269 376 487 858 840 14 750 269 758 389 784 95 921 779 770 624 174 145 571 555 433 336 225 475 47 431 846 560 961 834 297 232 211 137 443 404 505 546 674 264 936 811 360 858 943 132 484 119 630 408 27 65 745 254 541 793 686 740 354 0 575 5 585 140 495 381 545 1 929 573 267 866 385 980 726 330 465 563 802 97 972 830 515 718 437 57 864 476 799 572 478 727 930 416 868 426 799 415 781 729 989 49 948 727 382 675 58 849 239 
213 299 212 397 815 283 835 873 501 313 25 74 144 754 357 561 975 784 713 391 918 443 733 968 393 462 352 421 873 554 14 88 854 227 486 670 864 674 896 718 340 275 145 485 30 503 400 6 640 114 751 560 559 485 881 305 948 586 79 823 141 94 264 348 675 103 19 892 778 269 611 120 545 757 958 576 613 359 935 254 475 39 167 387 526 50 45 827 637 125 3 132 573 268 481 249 372 854 494 504 124 106 977 670 216 936 599 830 649 887 437 125 928 606 865 807 9 911 635 
-1 389 640 132 963 261 967 565 635 822 60 492 299 519 470 970 736 759 922 919 409 162 710 887 91 669 753 251 679 17 888 31 408 881 517 724 143 485 643 779 308 704 624 960 577 447 283 666 208 206 587 970 721 650 859 166 320 613 418 352 632 659 384 393 541 902 118 686 740 114 818 401 820 444 362 750 892 646 417 453 205 5 777 928 8 637 447 329 603 866 34 588 527 772 334 69 675 806 756 769 921 576 171 94 373 535 845 618 534 264 425 741 622 203 22 632 193 470 314 
149 337 350 739 217 123 74 640 151 881 397 921 156 326 94 251 52 982 98 672 517 363 98 259 338 654 634 971 848 105 287 998 796 990 90 14 114 518 7 266 400 758 541 909 85 636 162 139 619 261 164 489 977 263 102 668 918 737 641 119 844 281 470 993 272 562 360 739 81 369 6 834 128 900 745 566 537 908 706 509 522 223 352 852 487 455 521 758 193 515 230 390 797 702 384 422 265 98 162 699 468 522 534 949 423 632 516 314 893 576 176 416 800 529 621 641 337 496 752 
532 12 984 275 163 687 13 586 305 112 102 357 933 625 892 883 401 878 400 68 772 329 246 542 131 128 164 773 467 661 526 352 27 863 980 543 551 994 130 209 459 585 567 393 563 813 277 966 44 31 35 817 361 634 360 845 116 878 619 584 892 499 289 272 363 270 816 268 618 948 830 78 886 751 473 451 917 103 770 962 487 806 780 202 794 494 48 911 725 21 848 618 873 490 244 237 113 61 858 732 362 690 164 250 442 990 702 712 446 473 675 935 632 808 490 779 655 891 43 
381 265 892 353 139 735 598 730 850 660 589 935 24 632 100 627 75 91 682 788 539 508 816 827 493 626 670 274 282 562 318 17 829 564 723 969 652 322 700 503 335 643 792 712 276 893 340 705 338 375 846 230 884 664 58 379 291 729 654 926 292 325 296 474 242 20 445 896 695 498 752 32 494 545 97 772 440 439 478 131 167 325 362 53 990 421 433 634 503 440 914 148 118 211 624 362 585 422 611 281 273 364 314 769 911 413 542 704 205 373 836 725 699 199 779 43 973 565 30 
829 6 297 330 478 510 955 193 448 730 805 730 357 170 398 127 82 164 22 139 722 748 976 448 800 528 229 844 854 147 228 36 155 526 368 986 389 676 180 838 760 986 922 118 157 321 598 593 838 973 85 561 722 63 10 523 944 592 721 152 741 302 189 249 829 558 236 572 588 769 411 349 756 686 468 266 8 419 860 847 393 947 761 116 363 773 992 660 718 66 165 460 369 356 62 552 267 299 125 856 69 889 558 178 577 27 446 938 447 659 787 193 959 901 310 675 675 656 689 
747 723 855 208 446 564 272 -1 833 924 125 42 347 15 954 526 593 334 325 533 783 986 673 329 298 575 993 975 604 650 665 704 726 873 913 173 439 538 525 625 816 651 20 516 20 975 43 966 311 722 852 447 709 878 777 360 807 771 336 764 774 354 469 502 229 735 28 669 627 555 295 444 207 668 961 580 645 357 548 309 80 753 757 142 633 535 504 441 660 193 206 435 549 676 938 131 412 320 801 40 876 449 837 436 470 151 18 116 510 919 426 943 673 536 87 307 73 944 101 
86 138 308 522 40 337 814 172 103 135 326 496 12 128 335 801 600 839 820 69 350 740 849 647 767 386 87 75 812 32 178 899 523 839 775 917 530 590 442 634 78 770 483 443 251 171 245 204 12 419 627 715 160 477 363 928 864 451 357 30 836 888 930 361 80 58 279 611 649 722 598 80 845 83 876 450 607 123 7 620 543 635 337 56 113 701 338 331 154 48 362 991 289 293 705 370 353 337 335 355 413 934 789 611 370 666 62 979 142 71 600 38 707 290 448 174 993 139 506 
500 188 869 844 478 515 903 849 221 241 537 930 655 473 720 268 196 739 683 176 883 107 130 922 816 421 723 343 767 863 850 268 52 72 466 883 588 370 86 163 964 624 94 973 450 167 594 648 907 278 825 143 387 308 419 556 83 143 900 851 8 103 473 413 176 940 298 117 663 737 281 980 362 376 954 814 544 549 815 805 181 993 949 569 303 369 478 387 514 731 591 875 835 65 289 12 358 940 130 22 678 765 356 394 142 311 561 40 214 377 846 396 723 148 318 27 519 797 767 
386 529 360 262 717 426 552 82 138 846 213 513 525 331 870 272 475 183 186 868 398 564 67 147 641 216 466 669 736 264 790 475 146 151 738 216 930 644 299 69 491 865 584 369 198 807 643 26 991 830 895 742 748 963 890 390 180 357 412 270 974 203 746 473 707 838 690 991 483 342 61 975 209 998 345 760 807 989 787 151 173 683 247 274 -1 490 665 532 201 78 155 176 635 255 3 695 94 46 687 578 390 750 554 952 101 900 713 261 243 853 766 769 889 14 44 889 857 710 774 
59 141 931 589 129 187 593 826 282 640 514 861 383 617 768 688 720 21 402 334 265 608 101 35 498 468 80 388 679 143 516 739 638 448 329 768 988 923 595 271 917 111 485 653 729 606 343 802 628 98 490 247 708 592 283 207 414 717 949 94 213 466 186 852 915 517 622 256 793 218 528 63 682 366 718 765 973 62 920 954 513 411 202 222 357 839 431 772 557 381 219 123 200 758 977 468 276 600 725 423 171 606 487 855 973 206 973 299 621 894 254 136 307 458 359 665 650 143 790 
560 877 362 684 78 121 662 547 751 615 273 175 788 880 663 996 206 223 970 506 845 217 114 334 525 925 47 543 576 191 686 137 422 49 822 501 524 486 402 276 454 28 452 243 910 468 592 469 692 915 329 891 134 444 226 12 370 626 909 947 171 596 85 594 647 260 448 524 99 851 801 555 881 254 151 144 723 745 966 769 661 296 661 148 741 240 162 464 868 72 412 392 669 850 987 669 464 788 194 564 993 348 120 875 603 625 372 680 371 339 450 385 989 464 535 83 705 698 549 
926 123 314 319 145 166 659 816 983 801 363 548 795 713 22 23 669 648 396 702 372 88 153 758 430 970 294 515 677 345 65 956 469 380 629 968 899 641 137 883 443 501 785 239 567 160 615 238 809 12 941 534 454 448 293 885 419 941 401 449 287 819 759 110 553 389 79 453 31 569 690 828 71 828 420 640 989 37 231 799 402 525 686 209 326 980 448 99 274 850 901 915 23 661 26 577 51 458 383 436 28 426 617 452 255 38 445 245 428 29 397 184 556 84 394 235 418 843 335 
693 47 238 609 71 900 988 1 305 799 385 94 180 165 64 634 421 455 432 668 885 463 418 70 372 504 817 960 275 662 297 969 62 888 932 486 141 921 488 799 74 226 894 255 392 311 242 167 768 676 188 6 492 607 77 217 464 247 178 740 262 476 63 325 717 996 812 860 270 653 12 345 881 260 954 626 572 197 794 341 226 983 348 719 944 778 937 409 27 469 151 290 298 567 969 17 564 782 230 187 437 243 534 671 504 841 650 78 39 446 772 267 782 122 339 727 253 630 490 
281 100 994 925 751 562 247 769 479 30 352 667 820 597 554 844 454 396 496 885 789 295 659 409 430 134 101 511 388 732 2 23 185 997 301 938 912 549 60 392 580 414 60 754 364 968 951 819 365 448 706 507 96 366 917 528 853 20 392 242 105 395 266 292 745 568 583 658 470 996 403 52 763 816 159 128 785 111 301 504 913 8 12 362 727 931 243 581 304 636 176 410 384 796 55 130 717 991 141 189 341 545 594 105 363 754 235 501 218 889 6 484 898 20 848 978 304 92 912 
961 730 89 372 467 886 781 599 957 773 93 147 115 992 742 574 356 849 810 858 68 700 218 554 951 239 755 282 896 848 195 858 931 637 583 400 877 365 352 835 492 798 983 960 791 726 535 500 576 698 712 997 751 931 904 703 523 660 338 420 862 534 631 146 173 215 899 51 934 604 887 779 404 223 740 548 302 277 50 231 976 763 229 81 695 487 785 571 148 125 992 363 12 976 511 538 544 411 590 831 369 830 611 774 54 353 675 357 631 726 941 960 842 172 42 890 12 181 462 
513 659 807 878 24 784 742 564 682 506 507 514 876 339 127 3 746 481 680 457 465 759 399 778 603 924 174 494 937 708 310 452 720 118 683 745 256 426 310 291 933 819 806 163 511 934 167 258 768 848 716 586 609 469 366 565 394 893 412 685 602 723 138 323 195 174 421 804 601 85 96 887 905 903 51 769 191 572 28 312 773 98 900 735 920 619 301 315 513 67 353 468 791 492 144 339 667 566 144 621 652 593 862 910 498 266 680 42 839 62 355 966 513 608 702 434 228 357 102 
94 777 457 915 921 950 412 262 971 332 759 945 337 354 808 249 205 76 282 600 268 345 956 235 211 918 291 646 147 1 750 595 779 208 511 701 511 277 316 483 610 429 782 948 784 591 198 342 20 834 943 642 532 252 230 745 171 874 392 672 876 143 268 8 352 132 63 865 410 732 701 373 162 836 323 299 781 874 642 802 709 938 797 243 192 29 989 716 904 382 741 134 879 362 495 584 496 911 802 259 645 857 634 808 694 310 461 476 185 104 632 896 396 430 140 941 812 482 658 
70 217 401 557 449 764 53 35 613 318 838 226 964 696 213 125 744 524 587 221 710 45 206 959 442 638 452 384 803 935 395 874 506 149 432 956 267 839 992 881 510 184 460 475 233 26 953 978 551 894 553 615 940 760 927 735 751 381 472 556 669 220 431 176 371 217 486 639 409 479 873 920 16 335 748 251 362 54 582 267 949 136 235 242 250 163 330 2 897 803 559 920 25 344 97 749 914 936 389 676 769 615 949 786 951 50 390 667 105 326 287 408 463 875 3 66 39 335 70 
290 491 630 211 869 327 661 619 242 599 361 919 369 978 869 508 282 920 252 950 379 579 590 788 395 466 792 463 859 480 534 150 973 517 714 843 846 376 464 441 328 826 362 50 805 584 912 441 858 165 392 238 745 336 27 493 803 172 957 663 654 844 166 628 715 881 472 562 611 289 4 940 469 719 344 627 305 257 69 164 423 815 755 521 152 783 15 308 308 326 325 963 171 492 944 239 727 770 802 691 60 160 984 882 880 329 511 538 939 581 55 363 749 811 237 902 947 606 564 
609 933 890 573 457 735 871 698 815 642 853 507 55 366 493 939 600 175 803 139 116 737 548 832 488 712 423 743 661 30 308 271 316 199 197 774 288 69 825 104 64 32 965 121 399 459 413 0 987 569 493 456 307 42 290 796 755 714 541 769 97 850 393 414 403 592 541 692 14 720 149 80 753 115 554 153 927 320 507 916 890 1 373 198 44 16 348 152 83 890 923 181 93 317 596 849 262 491 894 278 212 45 711 966 161 618 472 90 939 980 359 830 982 85 381 27 103 730 533 
187 973 457 722 420 127 671 270 391 163 166 22 376 564 734 343 726 353 817 169 645 798 881 828 134 968 210 514 424 294 48 964 268 506 687 41 987 360 313 379 524 832 754 902 397 489 598 476 195 416 647 841 568 881 670 703 850 233 218 275 528 620 241 150 479 281 192 467 642 858 199 520 691 954 423 441 796 374 919 992 144 919 186 713 801 209 769 653 796 340 281 325 961 875 828 442 158 22 910 153 881 463 674 926 418 450 368 216 826 288 561 971 208 101 37 363 663 159 17 
460 500 651 139 815 528 968 258 39 991 521 193 226 985 221 153 405 24 874 974 203 164 888 527 725 342 565 89 7 725 459 468 579 464 960 395 345 930 6 385 274 528 931 853 867 153 359 625 531 235 600 735 400 841 264 478 185 830 921 193 909 733 14 841 198 976 237 544 259 244 282 534 125 215 741 993 721 101 619 253 337 572 990 90 415 255 570 601 438 844 795 700 578 162 542 130 491 780 27 751 377 311 639 504 527 381 850 249 483 471 504 174 396 847 265 812 103 188 414 
542 33 562 596 965 726 139 448 570 921 476 323 651 140 963 508 668 697 360 271 533 184 128 708 581 976 975 395 432 516 162 327 551 78 924 869 157 65 318 728 339 147 52 991 289 368 853 310 66 214 582 601 751 63 310 333 392 638 81 825 156 597 506 60 676 431 282 834 497 953 915 189 101 969 534 391 690 388 55 758 603 990 712 707 55 375 393 448 367 828 627 524 426 134 937 455 918 220 642 417 174 558 959 628 528 494 373 572 883 429 331 839 420 396 547 476 772 942 278 
140 123 258 17 550 745 307 6 664 880 1 82 407 560 395 37 442 890 411 15 775 193 699 615 614 96 516 444 221 811 75 715 935 334 85 838 80 394 197 745 627 199 181 36 760 577 74 203 820 838 219 596 32 271 565 -1 368 82 444 591 894 520 659 182 207 745 21 640 492 219 387 121 419 921 158 180 851 585 737 672 776 309 622 161 582 188 161 303 623 959 247 870 480 907 53 41 6 75 682 499 295 422 621 67 696 132 600 548 70 338 574 847 1 549 361 584 738 524 888 
714 484 489 585 317 397 639 711 404 67 395 905 715 818 879 783 868 365 384 769 436 76 344 637 430 246 -1 367 985 876 608 52 713 98 638 384 497 630 96 254 698 492 160 414 664 393 550 533 759 288 303 548 365 1 186 148 248 187 516 587 416 125 640 131 225 632 516 723 263 613 978 963 459 492 730 124 238 282 10 350 571 666 899 289 668 87 438 270 627 955 858 44 433 851 528 659 484 45 735 101 660 67 65 472 912 148 597 151 783 960 502 355 627 754 997 649 842 788 920 
822 96 131 220 531 983 749 543 821 796 280 923 809 348 341 282 261 490 232 765 275 193 620 983 821 375 334 823 219 123 744 394 573 876 615 105 213 718 1 35 515 282 959 677 983 653 960 597 144 545 363 772 739 984 757 913 713 444 738 933 568 483 680 494 713 649 952 927 368 955 315 884 238 275 914 575 281 875 173 426 421 890 552 513 227 662 427 941 107 518 227 28 355 909 524 69 559 477 349 928 433 665 165 25 293 432 601 575 308 775 354 82 18 907 948 247 570 728 189 
30 248 418 60 956 328 937 26 240 415 728 521 202 394 39 580 40 472 182 968 133 310 323 568 330 584 517 578 507 246 768 539 847 539 952 804 220 890 831 461 658 912 983 213 659 375 794 700 848 329 669 334 641 346 903 324 931 421 903 791 21 24 331 869 917 636 675 138 527 859 601 539 773 937 105 433 314 901 487 515 231 509 851 225 856 755 550 140 530 806 933 552 184 617 422 102 255 98 241 135 311 195 27 85 134 134 871 801 388 359 317 620 870 521 199 79 630 750 573 
161 910 859 66 95 829 841 198 437 293 792 926 605 989 954 691 124 441 563 278 830 276 596 452 499 471 652 579 454 755 505 968 666 717 35 762 548 877 313 986 171 107 913 777 97 221 821 574 663 738 853 495 15 802 300 515 274 305 447 729 61 954 698 81 672 86 196 573 317 511 561 841 971 827 620 69 49 794 996 66 533 850 562 549 653 863 417 281 169 866 363 583 173 415 17 846 502 215 421 820 727 335 663 699 163 636 121 566 783 118 633 318 321 548 220 327 412 991 609 
934 858 326 870 32 742 889 231 245 105 653 419 185 341 435 237 858 424 711 425 208 182 411 879 504 960 101 184 725 93 795 12 304 474 883 337 217 125 921 815 583 928 587 769 270 23 359 129 448 71 555 658 606 319 890 111 280 992 297 6 438 445 371 95 920 608 785 490 734 708 306 319 637 895 441 908 271 154 39 73 226 947 732 834 268 975 298 901 969 948 261 760 394 633 857 667 242 995 158 330 704 818 650 342 66 444 252 338 599 644 412 179 944 497 366 565 826 665 468 
148 967 82 909 714 68 119 383 312 116 894 643 173 65 646 517 132 443 122 824 396 767 589 576 64 440 943 631 267 961 452 416 929 887 678 645 956 151 381 269 620 628 265 794 695 264 312 180 709 435 357 106 555 948 35 973 741 331 605 361 293 410 130 576 298 809 574 255 313 308 878 934 937 496 82 985 762 395 167 824 184 525 283 92 826 319 66 920 3 24 282 649 435 413 226 86 576 153 695 242 462 574 178 753 71 613 739 186 9 907 363 546 786 647 992 613 319 411 535 
323 437 170 974 225 937 553 665 866 708 361 109 523 936 640 277 360 254 18 900 617 278 264 164 65 265 509 680 585 922 568 262 712 91 237 938 29 143 956 896 204 318 359 729 607 0 359 321 256 378 222 874 658 839 391 76 105 902 109 44 177 678 307 242 123 897 533 153 41 491 403 247 810 763 329 419 764 41 741 373 773 964 248 784 156 993 861 263 248 972 308 426 3 616 669 127 514 203 634 908 695 390 508 507 154 190 279 271 233 21 998 7 338 247 792 495 593 6 111 
842 979 420 269 984 389 291 464 256 848 99 166 544 490 27 404 997 219 36 622 805 58 621 813 749 221 958 246 816 317 710 659 298 132 282 635 874 926 100 132 775 553 651 673 44 679 430 395 251 468 18 57 879 992 223 630 214 534 229 383 853 940 396 152 425 679 140 301 958 241 786 735 795 438 409 193 470 192 589 723 661 960 781 894 953 358 525 520 893 107 905 747 400 654 252 179 686 393 481 645 636 268 381 784 59 143 330 530 337 920 254 351 233 389 246 539 748 124 61 
642 584 319 743 986 974 996 166 661 391 0 659 380 621 42 517 681 538 849 212 228 122 820 581 357 562 180 897 311 306 311 306 891 983 50 230 958 48 749 972 440 102 633 173 724 28 691 758 919 893 324 149 17 145 731 727 708 912 977 372 571 642 679 816 626 731 399 938 780 502 911 573 605 897 99 331 278 143 442 551 38 767 701 408 265 785 488 326 50 818 699 623 461 380 792 89 464 192 28 597 695 292 523 302 543 623 986 174 119 781 726 158 550 428 919 816 214 408 496 
618 228 196 242 42 929 35 132 746 580 513 344 277 159 220 932 703 844 271 230 965 53 958 476 604 739 397 774 307 158 623 926 739 820 521 783 103 557 268 202 490 783 548 768 943 121 53 -1 319 325 230 637 380 541 114 337 282 864 464 590 376 88 869 116 262 391 900 718 301 522 921 792 306 822 562 602 945 616 954 265 295 537 903 676 80 370 366 363 588 832 306 965 273 528 82 536 920 336 255 222 859 178 15 518 353 930 473 299 900 428 917 196 966 821 225 47 545 944 763 
134 777 422 100 404 951 535 941 224 224 550 799 436 81 816 307 435 99 781 736 0 210 654 549 530 829 127 930 727 73 47 862 203 822 315 608 775 203 551 352 781 454 153 218 536 322 527 972 422 661 61 776 873 69 678 756 899 807 687 979 881 735 842 437 559 510 47 687 66 951 392 848 406 546 420 943 869 300 268 645 962 331 774 188 401 453 945 653 261 986 633 495 722 476 934 634 339 334 674 406 638 68 608 45 967 29 341 190 330 610 836 293 942 963 835 696 417 781 350 
32 768 984 528 844 813 815 831 153 502 507 913 141 928 522 187 896 552 881 87 235 493 276 881 788 240 717 486 659 852 837 692 621 175 573 818 989 742 651 496 245 159 410 388 88 933 928 337 838 163 778 426 9 55 308 798 649 27 637 309 880 828 354 854 4 280 674 346 375 678 843 622 190 254 363 279 540 644 969 731 808 748 158 818 805 820 970 807 200 960 469 81 141 824 288 498 457 315 846 834 994 690 809 185 298 525 817 839 170 788 924 332 889 435 503 47 256 826 855 
457 788 325 891 282 502 181 782 961 849 629 148 845 672 310 383 971 836 554 164 359 695 89 692 585 525 197 634 135 24 490 593 165 169 838 449 672 372 584 986 222 214 487 420 887 798 805 860 635 712 377 348 408 467 41 994 345 591 981 481 969 473 428 487 995 267 937 668 640 874 656 215 89 144 637 330 296 795 543 932 508 921 633 917 741 676 264 87 620 247 922 590 73 703 79 69 971 369 738 964 245 747 180 687 245 170 18 542 966 562 827 827 484 462 97 226 491 363 667 
112 963 942 704 37 646 136 107 970 858 198 935 456 947 468 145 545 640 516 88 959 432 916 788 917 379 238 497 871 602 517 337 566 460 394 956 459 531 416 430 742 616 718 200 916 187 698 462 180 567 903 141 0 820 282 271 553 873 769 777 477 639 115 396 452 510 706 912 394 123 343 490 92 62 691 9 602 742 824 784 310 728 278 312 902 913 584 456 787 706 586 617 698 55 15 151 918 74 64 314 198 760 805 292 175 849 654 778 944 480 915 607 561 194 272 464 108 209 273 
249 268 213 867 967 269 235 471 188 310 536 855 510 649 13 155 177 863 810 957 160 643 225 769 558 773 42 375 882 605 650 484 874 864 353 843 486 589 315 675 901 205 532 764 207 546 272 386 763 435 696 276 432 922 398 991 696 794 367 932 400 370 417 275 235 771 119 74 714 788 751 968 994 636 733 554 535 358 941 651 794 638 929 227 562 328 219 611 123 588 544 524 959 315 153 548 439 273 975 154 414 727 123 761 716 209 317 253 568 259 257 364 251 187 944 166 869 165 778 
345 106 676 223 418 992 377 319 432 3 296 940 419 376 64 533 94 275 851 700 844 464 958 561 68 499 507 235 369 25 366 715 484 43 939 903 388 669 576 174 674 225 115 446 602 180 980 49 808 833 750 6 650 62 568 719 562 428 307 284 454 674 352 291 71 293 548 812 315 125 987 990 351 455 437 306 989 771 357 798 957 460 805 608 523 375 680 438 156 340 723 612 15 77 256 439 723 805 253 39 931 593 383 635 402 173 943 392 945 301 191 903 762 998 864 639 726 897 78 
883 238 803 848 607 233 106 47 957 912 653 349 197 600 733 833 3 908 129 396 206 783 940 111 547 939 328 539 18 227 618 903 466 774 104 74 8 563 475 318 477 129 669 27 82 755 213 86 16 344 835 224 128 777 688 28 69 17 568 89 245 188 345 65 315 450 140 325 15 616 644 845 99 666 225 182 423 439 622 440 136 810 17 266 940 706 647 11 725 217 101 323 758 447 389 74 250 531 752 618 500 750 464 952 769 42 488 193 483 463 987 972 274 5 239 216 713 240 228 
791 810 682 115 921 482 506 348 733 390 102 705 243 205 522 197 975 566 686 522 50 502 510 23 777 868 616 346 934 209 927 726 20 610 195 942 93 702 291 180 445 746 886 689 952 409 239 281 328 278 804 379 781 667 756 560 536 725 907 824 935 188 551 308 799 747 603 246 802 895 779 600 995 18 291 300 780 531 582 110 811 387 842 945 55 951 506 945 677 767 770 965 956 674 626 108 775 230 707 578 479 487 180 475 858 824 776 640 708 360 751 872 100 594 819 157 547 678 455 
577 798 226 896 107 901 523 217 677 755 277 609 235 766 142 63 977 319 840 618 28 553 722 254 655 670 426 165 570 105 621 148 257 200 397 365 102 922 935 133 30 214 95 618 333 238 34 311 558 875 931 939 782 6 546 438 677 325 604 248 432 578 750 42 779 148 408 234 423 345 368 806 560 816 425 894 55 460 206 966 689 490 259 472 498 158 263 528 485 868 778 270 799 881 313 579 30 722 814 807 420 536 614 981 353 41 228 762 854 788 81 896 279 341 721 130 501 985 660 
987 206 791 610 6 673 924 938 56 -1 754 864 421 643 480 755 349 874 985 112 81 774 195 979 406 889 701 890 743 40 903 83 247 695 694 607 721 619 546 778 972 301 644 394 297 477 150 648 704 488 113 786 615 661 118 375 552 821 266 296 214 170 733 462 218 428 70 940 401 618 71 374 272 68 121 923 546 624 572 251 114 38 391 82 701 510 458 606 684 77 255 899 600 989 363 819 419 786 112 173 757 185 548 31 606 22 307 154 647 232 758 114 271 150 198 973 14 9 932 
699 440 189 600 41 179 316 214 951 103 327 125 862 865 26 246 473 49 554 980 50 139 91 165 411 595 716 738 610 727 671 310 168 861 911 562 394 580 777 346 685 458 825 900 324 852 499 150 255 406 483 306 546 576 824 310 524 542 49 135 622 722 798 143 936 63 706 331 644 837 679 682 296 505 935 973 710 435 125 966 194 961 625 93 538 451 405 415 994 455 551 617 530 703 761 468 767 820 800 412 658 832 448 955 338 384 930 402 173 408 369 368 370 996 463 262 448 221 30 
795 677 583 765 209 287 527 30 407 700 183 820 360 17 269 668 708 7 951 111 181 712 482 550 436 831 366 699 632 588 730 780 619 666 546 181 306 426 212 714 127 396 888 840 766 510 510 476 518 814 588 700 528 423 604 965 255 971 17 240 913 100 21 533 768 568 715 427 995 280 495 476 29 384 317 797 895 828 274 767 644 863 820 525 640 425 491 896 750 509 490 664 610 512 550 731 434 618 160 782 899 656 259 929 393 578 727 641 759 354 409 756 219 231 282 860 9 774 109 
760 284 952 777 248 818 328 980 253 947 493 388 847 502 649 130 248 580 210 891 340 566 653 98 138 237 381 351 248 157 813 361 794 767 140 395 586 469 377 192 418 223 581 618 79 583 101 328 164 313 220 506 232 227 957 371 817 339 75 418 849 889 781 997 9 922 393 948 744 123 493 515 700 428 135 780 12 589 109 530 903 683 37 488 263 347 212 81 687 288 501 890 531 283 240 893 558 634 843 303 111 689 172 812 118 308 593 484 250 55 15 507 739 405 996 355 753 210 438 
793 499 940 36 383 576 277 278 135 265 122 791 377 812 964 542 284 625 136 769 877 544 785 737 637 543 734 993 297 945 432 443 798 725 481 182 302 759 461 790 25 936 935 755 102 252 298 387 879 787 509 109 333 647 847 971 191 934 965 841 881 751 285 32 477 767 215 133 880 30 924 906 967 212 15 422 466 314 162 698 103 672 160 437 320 8 761 512 295 79 706 529 831 993 562 662 113 779 796 994 162 73 254 482 287 270 906 754 585 69 453 41 743 614 831 416 975 593 282 
623 674 989 154 858 983 717 873 98 849 22 445 12 97 700 496 737 971 755 844 910 825 650 952 921 617 785 339 945 731 974 569 758 964 724 618 301 795 844 752 645 868 198 11 318 900 860 408 872 616 253 135 442 256 89 717 226 227 57 172 959 384 94 719 349 172 690 651 968 887 404 966 756 604 978 427 857 839 836 82 456 442 219 252 51 661 970 278 889 380 451 201 765 547 273 467 72 964 472 41 853 229 360 962 186 692 743 44 532 580 128 342 376 700 947 428 362 270 708 
604 651 512 806 769 412 433 237 485 398 62 879 604 293 241 920 480 934 664 526 819 597 7 514 974 708 462 756 71 85 817 676 737 330 835 859 96 269 450 582 21 513 815 978 807 409 251 641 696 916 168 516 867 176 384 842 885 199 951 309 286 769 338 376 453 526 237 550 149 688 133 523 554 301 854 363 711 107 5 408 376 526 278 244 55 663 440 293 215 744 603 502 515 294 232 969 821 470 520 323 511 6 847 66 309 703 782 373 163 140 783 540 667 62 138 75 78 931 369 
294 676 325 150 192 620 383 514 795 206 35 119 718 395 320 137 57 24 921 431 540 62 215 433 83 630 572 159 61 856 530 709 534 856 860 79 830 596 595 626 803 983 98 874 731 419 12 789 444 934 222 337 350 790 772 434 422 697 594 836 555 477 546 90 687 407 170 518 356 118 497 160 455 596 387 187 17 401 978 814 688 553 153 39 696 926 474 471 624 422 309 180 252 856 623 940 265 147 459 974 618 309 136 74 907 524 263 925 278 594 740 968 500 246 8 197 173 836 670 
151 611 980 684 864 189 309 158 807 809 618 783 428 281 272 504 189 797 120 467 429 67 560 398 568 808 759 118 334 596 789 486 560 122 524 426 313 834 585 121 996 556 257 425 838 530 930 380 329 403 848 111 471 410 510 40 219 270 160 906 220 302 746 781 778 271 560 444 458 498 918 455 56 177 881 247 708 165 629 390 569 478 502 42 241 13 435 813 637 948 721 858 252 468 992 383 740 554 828 199 53 747 655 462 925 889 63 635 55 693 26 626 524 882 669 119 896 457 933 
886 407 655 745 12 124 91 396 865 646 577 417 52 325 73 516 604 316 580 592 372 626 971 -1 503 854 21 623 104 832 558 991 240 214 90 253 692 182 2 558 181 580 329 234 258 755 103 215 72 36 808 446 663 781 798 520 636 173 144 741 6 703 86 247 271 177 853 964 360 856 875 894 789 205 129 400 962 586 617 35 623 778 482 288 560 634 809 550 808 306 644 815 363 731 415 635 261 269 952 622 478 828 517 620 387 0 21 350 587 991 386 211 123 222 852 36 209 14 939 
18 322 585 186 38 669 602 674 932 224 979 907 703 808 778 676 196 779 50 899 719 43 287 283 519 862 489 556 72 504 497 443 179 435 630 218 105 585 245 38 810 225 947 514 387 726 543 936 858 594 837 930 990 125 566 510 340 56 68 765 914 918 209 446 354 192 666 460 778 264 852 941 843 800 808 231 879 352 168 90 947 6 373 939 484 940 450 177 998 871 943 913 790 505 360 497 50 379 959 829 997 812 771 841 965 580 73 197 285 594 640 234 602 14 174 87 955 977 266 
306 202 562 220 345 69 934 844 472 666 804 303 664 969 427 858 287 361 932 485 647 528 126 234 483 493 409 923 449 740 542 757 943 106 330 641 528 617 486 1 285 643 657 302 965 438 514 253 800 799 91 800 680 570 36 164 64 798 89 515 891 632 625 187 91 956 830 620 927 317 975 565 314 633 220 280 72 735 535 225 536 979 27 217 551 416 735 616 567 825 484 460 810 110 648 903 420 831 876 348 502 852 914 817 487 135 450 912 224 338 139 761 319 519 331 871 288 67 840 
856 893 326 669 57 437 671 961 210 503 190 911 358 44 826 176 884 315 980 797 892 319 289 654 991 809 986 863 450 55 705 308 301 384 978 711 822 2 673 386 507 865 298 866 262 478 396 147 146 729 945 39 49 236 46 42 398 385 258 850 793 316 511 96 701 842 808 877 846 835 264 706 53 915 925 316 394 674 816 893 404 114 933 455 351 980 850 103 719 109 306 513 779 170 962 481 13 772 359 212 960 976 919 366 245 198 35 640 873 852 887 279 967 821 87 672 155 938 128 
875 400 435 389 180 606 353 15 972 478 727 186 791 57 458 158 303 657 194 296 884 399 184 164 367 7 252 392 515 543 521 743 944 957 485 478 916 191 494 242 670 574 429 814 632 240 325 936 251 520 234 136 272 419 653 641 779 258 34 295 802 909 391 99 219 878 930 137 70 425 380 94 353 162 909 986 755 236 924 7 109 159 496 383 579 150 377 712 761 764 8 564 674 401 17 895 280 948 385 703 727 118 798 81 281 709 68 37 946 345 398 408 505 895 792 438 399 522 151 
513 288 512 431 315 266 449 211 899 750 949 604 830 68 403 264 350 465 686 741 764 32 492 174 891 740 319 330 492 843 834 7 484 347 439 800 615 241 365 867 992 315 472 824 385 877 441 88 343 128 182 109 162 675 636 54 417 956 737 910 152 924 270 637 272 710 439 240 952 805 109 298 121 934 475 859 164 917 949 509 47 484 971 210 161 960 617 931 917 707 194 71 632 466 61 257 177 501 499 483 659 961 782 134 896 258 994 414 176 296 276 576 782 248 139 296 561 757 580 
831 465 775 255 450 242 318 709 773 820 561 257 833 523 392 968 772 651 315 187 180 613 464 758 748 65 898 397 979 9 978 812 827 754 68 279 350 387 989 124 561 551 734 395 427 127 364 552 131 32 93 312 646 558 423 747 977 323 145 957 685 476 122 513 584 192 145 935 932 135 412 494 39 147 242 819 627 959 373 759 993 467 72 992 378 849 741 708 173 239 19 211 69 142 725 654 335 872 590 269 360 3 116 753 503 712 573 131 672 947 891 666 767 316 12 499 166 754 208 
692 346 580 904 416 724 983 71 412 856 14 682 569 370 152 323 874 865 898 358 890 198 250 910 319 920 923 171 439 678 732 133 377 314 390 795 39 374 219 452 583 235 488 506 958 993 830 834 211 81 545 102 633 797 13 953 70 937 125 510 968 210 996 347 525 740 143 917 115 715 371 52 303 212 559 263 206 742 450 418 825 996 873 459 146 888 765 217 826 243 81 796 454 430 144 333 171 640 251 640 356 975 45 13 188 605 277 747 700 728 518 526 725 393 338 225 282 456 443 
461 700 877 258 508 309 755 842 833 396 94 474 106 71 520 120 612 478 750 713 180 831 232 59 909 626 399 135 261 856 932 724 910 810 983 771 472 92 614 659 841 61 134 948 485 8 421 451 487 524 165 20 356 398 81 267 378 481 403 640 690 688 365 953 500 702 725 325 795 692 985 637 107 473 939 945 482 713 397 322 239 563 344 948 315 778 216 694 612 973 687 303 662 406 610 515 109 688 194 257 382 532 247 842 6 539 788 841 254 539 517 846 455 862 795 771 641 365 818 
254 339 859 910 354 266 873 223 728 563 418 986 298 951 586 141 959 479 282 153 86 822 671 933 279 886 81 403 880 799 575 135 491 435 399 847 702 273 71 431 189 842 770 488 794 709 982 106 189 266 261 276 441 285 562 73 173 997 478 54 797 54 543 290 490 295 490 545 921 914 977 112 757 100 953 552 810 937 12 353 556 274 630 350 912 546 425 438 544 904 494 342 311 390 985 154 38 476 700 960 391 30 425 501 131 380 55 294 670 68 0 579 695 984 930 960 531 356 400 
428 261 247 123 925 990 110 80 29 939 781 990 684 812 769 186 296 150 594 944 173 15 945 753 63 930 36 25 814 394 426 243 8 26 368 935 17 831 16 47 771 151 390 808 964 160 996 614 663 591 559 837 960 857 943 24 141 981 50 308 728 829 553 737 856 274 673 874 106 43 274 230 195 666 40 512 827 37 127 844 981 39 34 294 250 331 320 392 313 723 701 42 906 607 132 763 234 807 991 693 203 618 925 399 285 966 264 466 356 393 311 690 785 698 986 36 30 659 781 
344 735 836 739 642 796 873 759 32 33 103 726 589 722 4 989 9 971 254 476 680 0 140 724 139 839 63 528 871 723 311 568 811 500 661 455 297 887 215 682 273 319 410 863 42 415 853 404 740 460 233 773 814 374 498 954 567 914 483 791 990 147 360 803 648 374 259 299 262 827 982 536 147 745 400 190 514 606 596 255 420 830 381 235 558 233 542 478 148 26 270 140 175 983 944 176 359 556 476 622 384 812 160 532 558 913 75 73 873 24 329 294 208 64 530 119 298 73 598 
447 452 869 940 980 853 237 158 213 794 987 189 531 800 702 416 360 616 493 786 490 870 469 137 431 534 668 903 833 94 502 281 900 724 575 881 931 813 392 497 609 733 687 141 534 742 559 247 712 405 35 555 628 505 694 61 392 715 317 226 811 821 860 712 898 436 946 830 251 340 329 213 74 369 707 961 113 267 562 826 25 950 382 655 808 429 69 201 146 739 428 310 561 641 375 461 79 322 644 683 15 326 897 442 697 605 757 163 226 320 342 604 623 77 612 432 508 34 634 
7 775 415 318 337 57 694 151 489 369 149 525 738 476 775 181 526 734 291 42 313 964 385 918 588 464 532 21 325 567 656 333 695 424 652 34 835 699 538 325 69 40 204 160 870 980 343 397 715 987 441 29 953 179 301 542 644 834 565 970 754 574 656 451 0 309 838 836 361 729 514 784 123 71 945 994 53 641 744 121 630 186 504 584 719 806 127 364 993 45 688 100 621 697 904 974 8 95 163 722 826 30 507 950 103 454 297 509 96 42 631 727 582 488 664 302 647 793 667 
993 191 708 95 813 407 0 788 768 97 304 491 276 336 352 579 440 807 877 950 256 920 934 985 855 776 2 158 424 796 827 419 341 888 867 155 648 220 297 417 670 602 262 299 291 615 879 732 775 109 35 32 383 323 370 239 100 374 399 525 523 579 297 865 468 517 374 470 739 672 888 410 627 503 711 920 119 943 5 895 54 394 281 790 718 652 30 819 27 430 697 552 362 996 770 184 514 145 655 606 170 896 370 151 401 434 424 873 378 430 122 785 825 404 928 896 57 960 716 
438 743 415 343 107 764 114 644 631 261 300 591 784 197 962 936 951 397 361 826 128 145 949 267 971 706 196 221 116 509 938 555 254 706 899 714 823 367 711 808 981 12 400 766 562 363 704 515 113 418 342 594 564 644 862 889 703 412 111 820 922 50 377 529 110 629 596 934 997 308 743 979 673 144 747 237 860 804 753 326 223 448 922 141 445 137 31 149 550 143 970 826 546 700 708 9 331 306 945 329 967 41 662 642 539 762 232 752 919 338 80 495 139 355 637 585 493 669 87 
397 165 410 224 65 112 285 75 796 592 373 478 913 768 141 908 308 904 493 413 824 832 494 321 972 850 311 910 697 334 998 95 500 761 320 918 874 606 347 23 552 721 503 818 842 645 79 151 903 573 918 80 406 413 402 731 617 67 642 315 402 641 411 255 403 84 175 631 43 523 7 948 597 511 119 441 158 199 945 414 125 216 495 532 631 251 616 601 319 259 269 722 253 33 978 10 118 506 642 514 382 650 816 333 515 288 127 26 841 425 441 967 643 937 853 627 541 470 229 
861 731 499 936 985 533 268 348 4 775 343 871 511 347 40 845 863 330 325 890 172 751 332 492 747 622 698 375 165 170 605 379 254 457 317 592 991 586 942 348 714 286 221 226 634 614 424 498 945 102 741 470 855 426 316 603 50 15 332 568 186 938 948 793 749 618 387 741 557 330 443 273 969 17 852 605 632 630 456 579 733 199 402 941 626 719 898 29 88 231 598 275 522 900 422 272 871 810 367 430 493 811 56 463 829 909 421 814 892 879 746 979 79 150 921 58 222 172 89 
311 756 688 940 280 941 363 905 814 526 625 245 20 789 654 836 971 564 259 787 810 139 534 790 571 37 712 630 261 238 720 925 995 762 866 628 704 582 535 871 109 161 469 482 952 124 320 276 42 580 64 853 720 600 644 644 638 709 275 252 948 997 179 297 112 398 926 169 334 462 42 796 977 864 280 282 342 601 559 385 534 977 591 607 578 236 252 569 298 528 175 600 878 355 898 991 106 177 162 441 641 557 591 971 422 872 254 765 826 166 151 361 144 95 969 75 332 574 998 
