847 75497
32772
473649
573752
295148
290298
229890
314628
316638
639231
690669
708192
415804
817207
937815
121180
875445
309014
826343
86420
607970
474026
359872
934230
66832
396377
300204
259570
180028
829125
714417
255524
861896
704417
345627
673395
994714
575517
988023
827704
731099
195043
535895
146902
12249
473710
784433
404045
299075
610776
6817
907044
84801
366688
841274
667984
279416
141477
927553
459443
486953
158321
714966
865200
862738
576944
538595
373803
152460
42969
201506
883558
238011
253753
546812
766612
243814
331244
687008
542888
458371
693824
966284
59523
576863
323909
727506
856278
981737
655059
315720
468690
329731
547037
333889
708820
640333
388835
82623
792792
431803
800480
192702
669814
570584
255865
436425
814397
587108
123432
873637
561831
817256
839920
621353
910470
163828
348859
766748
661916
520269
598819
130605
366351
662208
980846
75171
302540
369680
157793
611683
801483
474624
320736
471296
45208
576600
424072
375956
680060
547503
249592
241890
881110
89511
863242
791580
769690
728452
74679
431606
248720
189849
78562
615071
368408
59407
690241
670947
945439
364385
798982
263273
355360
119717
250920
916919
212669
674991
292875
892728
222493
542466
134617
619955
148329
997858
411534
434370
726310
2564
382327
491381
708764
977241
622803
77172
552999
829395
264470
498437
710131
63451
761709
65491
699520
12628
498761
912188
203970
791635
804915
426463
850453
455883
562769
515133
453740
974302
465854
696401
493217
364533
704134
201980
341773
326936
795503
894771
672683
59973
909560
382813
123423
187620
964655
339294
200248
463416
251481
404217
771402
572747
347031
138206
28629
909799
653338
998721
400452
635544
211473
410020
76
915606
128352
341848
758894
923854
752970
431576
983826
662529
814388
623601
850149
779043
962894
566748
758810
214375
487316
530211
303473
350699
668417
332102
776849
838106
330822
693653
473649
58646
103672
990076
974252
232023
848275
249497
155877
601245
681072
656054
780125
11811
279654
630273
307205
242548
713372
66014
973274
717040
112577
276746
67738
297345
125199
360938
651802
972372
54590
641803
31018
158262
631878
521621
906636
480153
771117
578864
597749
452188
234918
377873
980350
514571
524498
287555
273470
237869
869920
763095
954908
498848
39841
538997
796192
681391
899935
447994
653763
954524
89796
684780
629137
238025
206400
535773
718177
493868
114636
315925
946055
865905
693798
442756
896828
218295
730310
170297
972515
116582
933392
443775
615429
489584
982771
411621
170974
399057
375966
341088
869933
982113
542219
499069
220137
748618
551193
938314
242485
665829
770590
704891
48085
980739
147647
944912
715385
394308
631561
687900
510889
81304
648026
642670
570887
630796
570642
258212
546205
946607
115652
416137
928719
657870
915205
148855
922840
466398
603520
681676
648578
890462
386567
696662
871200
50565
157926
586585
961224
789486
790836
988465
870789
438861
631134
958027
586008
201775
216238
132212
664733
848241
64700
109803
506111
496257
775009
428950
479006
378529
110625
643935
785342
13543
856948
656541
64107
14873
759477
541683
804358
550312
530147
675146
505524
161280
633172
91532
879406
365762
740095
60490
214002
321147
170292
236464
817403
461652
665413
296408
356532
776038
940342
141873
305932
797289
798414
370039
812162
557890
911721
132871
624554
958219
324369
646429
635850
473892
737960
31607
356005
994407
92096
86359
315553
778739
322822
649307
240390
988235
945714
596922
280624
402407
255146
586555
199695
53559
472945
528208
127801
901017
177431
268706
859235
501799
915134
495084
975690
169446
43042
331695
163852
135137
418053
995756
430227
257226
645062
186969
761812
107127
300242
42435
509533
555387
145342
225579
125298
134638
270139
253098
35655
447569
38155
411241
949367
953288
422677
441408
122733
465718
289454
802936
600855
223858
315043
547433
481084
476456
734401
242895
583582
34642
801682
93114
590029
463375
835045
715326
598012
105183
484775
633666
552751
522929
44907
18469
476216
983935
976228
115301
449652
265682
434588
566858
5891
749631
114291
3326
226086
365043
762573
809668
399685
564254
419133
506065
27628
254177
737742
625639
875711
738868
775657
944813
261796
336915
963281
254363
320849
455861
886015
770500
721542
320603
337358
243784
586585
968000
247110
812670
333042
9682
138689
249078
90287
557822
271494
634266
328350
9235
776256
720413
748102
551912
665225
526249
888826
628506
296964
209674
84366
699330
496526
322259
19932
350235
82394
606516
318234
845855
935538
167627
855536
74226
416705
462174
148399
688198
96439
993101
213785
872695
713513
478238
940958
378737
520839
346136
523594
817802
72161
124311
33483
568686
962921
569767
435272
45315
176282
753505
891169
628171
437484
263057
218749
370540
241582
367147
58737
854373
876599
788873
243419
590111
267111
184376
485200
787949
46863
525145
122102
119024
649456
155584
204061
128728
725350
639333
690394
417984
909189
97915
562506
346672
877323
781254
717211
118904
148401
292300
489628
24999
81172
733046
131462
348282
433774
133013
652582
480636
658157
291035
599659
823964
446619
803720
952692
688320
443052
643085
622655
352240
257351
185161
215264
134673
966414
932474
769929
631166
224773
259556
172517
305945
992602
303978
170578
426375
436990
339512
907010
611498
630546
23021
435462
77164
826740
904505
281836
786143
63941
904490
654734
321292
89650
869997
455964
572416
802471
225892
203581
543595
485448
376097
849539
994401
196426
536469
420775
149767
875980
844136
277617
506525
867156
713078
100041
210247
617582
898228
512741
681522
802717
167475
519165
408719
37471
975129
497486
839941
717372
701066
383536
719171
593515
749426
713571
306292
802246
650697
972411
194577
494833
250027
217454
878340
479456
317494
604939
613389
215721
117679
294910
534789
285153
330427
459859
838976
305555
957344
195268
539278
174762
95155
258449
284628
360933
488371
590919
163178
139068
79681
357755
