273 554555
455202
169189
232110
466240
153691
352589
901141
744501
733412
891074
69326
228891
291272
710442
809800
628319
728058
75297
8326
103788
409051
583493
57051
867020
468783
808836
967970
47239
407585
217242
601793
379138
902783
350255
361730
572825
702843
262870
317325
952606
670295
903002
697849
961566
129796
507648
106237
857853
99296
630914
477992
24699
214406
51394
408070
683188
860230
376039
730426
784166
593281
848570
679655
496063
198824
41384
585239
418018
820605
902563
370624
490899
321917
68472
968817
451712
92471
591405
825916
708119
222318
303907
732817
436723
871653
140886
636262
731882
516925
883039
516047
110205
731608
712053
122619
446784
753437
707857
864801
90393
126771
751776
581292
448687
336599
66460
416750
945422
657864
242665
653540
880181
62924
386356
833255
934576
527241
469516
182809
44165
352554
215207
670721
600513
927259
309691
563648
197047
533899
944801
287440
660670
696576
385083
625708
549527
451542
558810
494948
625757
317826
148487
505937
897101
51194
855543
348028
578434
841410
530836
138951
710315
262394
326023
310827
189653
635714
874475
903051
169612
819275
190490
346633
32202
91924
488693
581728
59817
563854
593027
685573
881679
257865
707861
778780
309058
563403
643159
403844
404812
173995
542794
115126
952740
385168
942305
142392
20881
333131
561795
706845
668757
268636
569829
700958
360560
574873
799038
420376
138726
908416
105949
536757
166281
813809
831888
991690
893564
475046
395533
814727
165392
454678
446205
118132
839846
904861
776875
377078
237991
338669
600274
906747
607305
170103
124056
967864
261327
439445
904591
400053
864213
10539
453161
30493
340700
285048
538534
750615
760093
934067
565341
925485
905096
527897
43616
261293
432757
336842
154723
670747
675511
754996
93845
282815
925098
734253
767030
186425
690049
671620
102829
554261
198511
555989
101105
55562
357388
639639
322528
117480
90057
887868
