731 428819
944818
249154
45495
488721
175764
101941
644234
268157
742611
351261
389568
948942
683521
302345
37078
375593
566934
591835
204869
509946
730212
864272
658822
887328
725160
591550
738265
562576
434747
532995
507746
379564
298501
553241
384637
474264
655181
545222
258773
914143
896482
164692
379437
96354
983389
416514
471946
550322
8348
676814
60268
254912
57437
235441
658591
298949
826990
396855
861524
778088
446202
369269
157652
744702
922509
542288
735317
94042
87509
510441
8184
500342
675133
387620
596695
658521
320486
68640
725194
845185
261805
301813
100096
835593
537254
758687
134541
880595
671893
996064
658683
118094
881685
332686
862795
320545
391325
114464
414586
478833
624904
939122
979174
816388
326741
92220
991260
163578
160859
716454
8763
422663
534618
625210
258255
71871
900248
909148
468818
572141
421563
643852
690234
303247
492889
69381
140144
884213
183844
554729
879397
325099
10202
858570
141487
853295
950789
132746
16872
627999
365551
541986
567013
900169
167196
341619
488391
583795
250766
473560
155935
672329
117411
362521
491927
610299
431901
632070
494511
132096
703151
890259
973546
713352
748828
115032
566646
215968
764130
99870
360318
129680
641855
927330
29848
325402
268949
34591
909197
519714
508150
65131
708394
625561
427651
200321
752211
375903
348742
763074
24350
51892
653332
997896
281596
918512
112927
848241
650831
877056
948110
11149
523088
106317
938478
552935
431718
207426
587525
857266
243492
612027
922397
468237
237587
866399
184909
506149
758654
533651
785574
783003
101894
438906
297250
383489
873769
410177
748082
524599
803584
212543
535747
326671
318859
474225
395958
266929
198002
499834
124194
957845
628212
562942
942434
865798
945693
127342
888299
704346
177344
673872
3700
279238
629129
300950
179078
502897
227478
443511
27496
547413
656054
79594
390436
491264
553818
302745
758192
268172
318930
398738
742368
947142
961679
684801
812939
423723
328495
217589
644420
505838
407813
648120
301427
36941
465421
480505
539838
692898
440367
83685
240310
96420
163278
147097
587684
233448
449841
862227
17971
768771
260964
760338
715912
738995
961491
45202
162717
289985
262791
807137
795822
670603
971608
613601
223895
437028
610457
763732
646277
50823
363768
402938
147243
43398
550035
251278
276845
999875
113504
294815
768645
890820
571504
484556
629814
532994
529758
308882
822978
308900
632370
135152
979502
120329
748752
719748
557356
359208
483480
203632
410030
363599
606570
73624
406996
156604
324901
683840
672830
954757
495006
441475
845576
66510
926030
991741
599503
972139
816974
938833
281038
965696
73984
776891
86024
822735
496639
159732
698294
496470
363363
624675
376420
486284
698299
783416
159239
539551
983607
832069
494307
478613
789895
856234
61474
232276
364326
177328
204415
181300
116160
1804
663347
706495
778695
749370
529229
791685
909101
743874
804506
788816
368549
180925
791451
583199
964340
467042
122749
464299
815462
617056
459263
605356
989641
520736
837631
353967
698063
42045
51618
330575
560201
714964
37069
855247
464333
82650
646931
889786
826523
967788
194953
711423
148712
986403
294621
629404
969796
417370
93702
785257
550777
552964
390612
540417
590051
744595
410735
804465
302991
462352
135039
863191
177315
688460
718437
158000
771109
881719
564137
113983
849506
759089
825406
998218
261843
636378
143973
231639
53747
237674
16895
604523
306989
923859
661292
897039
668453
72026
217855
487795
534378
869246
350986
228044
557705
69422
386043
845165
467493
466531
959147
316998
225619
300904
315215
487462
937282
459187
235452
507380
213212
768698
628255
36552
692556
289546
933590
877360
877923
667797
365155
412300
537042
716140
156696
94746
301913
59090
939910
769405
525621
415408
602755
751239
716312
434321
755052
169945
893508
990503
677324
623071
759201
305578
659623
968108
111475
109564
845468
989398
777360
726974
918049
314401
959465
74744
925498
261377
133834
865407
547134
175806
280815
666240
927044
513478
100560
198448
683422
510419
188950
360745
133490
464502
182675
309464
432610
294149
419027
794429
283546
712739
521402
201595
543491
480866
792690
468989
258594
442875
850747
322079
618680
647913
988318
62076
161390
88878
260523
361163
599296
965824
238260
249137
946678
420934
558600
895639
231434
493979
690067
31332
206717
727820
749278
750207
725037
541967
735547
499982
501194
586294
338413
119873
234206
326730
181948
911948
931959
958822
273110
47607
440998
27721
813095
387675
965006
371695
283313
196440
382025
489731
227771
588741
217550
977048
855299
458938
35366
590846
958919
536559
693491
297331
656432
444048
140413
354731
355995
588723
829905
145457
636329
270902
173177
965776
174928
654535
337470
458240
850974
235846
947970
595096
824586
681871
88495
196236
657160
123860
303433
616078
176771
996923
429761
349554
440971
86525
704284
313317
675247
50540
458773
827928
837793
148302
793703
12720
802836
647524
470959
170161
883369
935280
281608
224306
133502
886454
936893
790661
10313
240326
923091
703435
753600
869203
52988
710922
955727
273624
24239
147325
324163
999363
975252
161956
664016
