452 109036
494963
956167
468914
195389
344924
298951
930091
514324
698391
340030
543231
607960
554922
816221
864383
858613
571786
182567
158391
885204
656075
291858
649036
550371
393455
93588
765874
995530
593320
99677
620917
604634
55843
606182
800022
400767
905132
730112
915090
603523
586493
458320
727834
657766
790892
108568
516378
879030
291134
191120
280585
947209
482977
929620
13931
392783
23207
296156
904665
132878
395832
525581
737511
451674
131763
53884
368792
553246
300347
800233
156768
886839
774904
400954
60956
565796
509521
93685
444825
317007
284804
241761
780567
284132
171381
794497
676915
710939
607004
581579
360169
2835
107159
97679
970860
755273
667915
339652
308519
968261
139884
981638
371452
914788
382591
432407
996935
408464
526092
958111
241822
810895
199871
22388
95027
371251
333236
771941
598542
940239
353519
958710
943073
977029
572740
913932
732302
240654
769935
557172
208915
426171
538809
580366
857310
437752
529124
854244
362567
55215
812354
604388
866110
12224
143127
477488
899827
476362
765780
498368
416600
635650
457077
876024
612678
29816
306307
861331
786822
76242
934854
995736
18764
990015
92453
876073
427766
621576
730316
790332
676791
542669
911071
59252
71244
54197
53091
971070
530558
818870
985789
463509
970871
442865
855884
99900
989033
162190
961231
292206
754783
412436
287941
773546
402450
896745
165970
830215
34672
896285
136898
711462
955305
564320
287065
542901
618516
856507
513970
665425
191728
499759
645285
162598
458975
501168
262498
964359
179710
740080
256564
934492
152515
60856
224390
554965
957600
390359
901531
992272
802996
38429
220085
274652
119100
23502
817552
737616
880008
331522
919392
71736
347632
564677
234333
322958
582196
13182
803669
761905
753261
60232
696397
905776
637440
437138
460740
111391
343848
362270
620014
146843
917050
356451
421495
552502
379952
239046
806469
776311
86919
725860
364398
950902
806888
115083
273860
389084
128264
593880
150988
881525
654111
363736
787300
807902
317225
764391
919293
661073
643012
539306
807915
76414
895756
745761
628915
792059
984807
435383
568370
588077
677594
449119
538979
834
564201
329190
389917
692465
923069
57256
90341
93531
937344
877640
901433
254568
158382
337077
915640
317745
392734
723555
394158
288490
469315
539424
596900
970473
491158
681621
74902
685104
130740
613880
685937
694940
459421
592205
903756
382489
165812
994096
992371
103155
388087
410155
357723
546468
747231
273362
380565
656317
513268
291074
461158
498935
830498
58057
985759
838007
739678
60660
39462
386769
190891
725398
81708
650311
833954
985464
549151
999766
979559
541522
102920
883998
468028
976994
430465
215259
250356
811029
871575
279975
618455
849084
295261
965304
907140
281020
803310
163169
341679
359124
549937
48922
600873
631645
699232
434827
133460
248383
434592
629370
306256
53863
513367
774283
30857
460184
989541
797564
787564
377467
593890
406018
226550
889151
371321
650042
170170
690983
813210
28200
50106
363147
77121
650978
511143
292705
85804
160954
541087
36747
790323
847342
90610
303690
621624
637818
763873
127517
435381
551436
21335
29270
473806
764237
918420
845126
