262 890194
182072
656217
491814
199400
959776
550001
238298
74075
559813
739537
952968
177294
18409
863872
256652
907416
503664
737712
642798
652360
276878
857248
266282
516469
310781
180428
727081
492525
336078
409342
899070
518149
581910
390883
717548
541685
457235
472197
615759
533399
728085
85078
710693
746494
465302
967344
653909
968965
221408
296707
621324
498285
670306
403957
531105
497439
100736
258186
989963
436813
183879
405385
954962
765789
312619
188861
307473
769854
177410
439584
303252
905494
524661
530296
651987
506314
497640
822248
991630
719047
118954
612953
217331
305611
533261
264787
803049
150348
522972
309364
587161
706851
714748
58474
472639
543718
247334
780111
313571
424743
219694
133175
846589
260707
663470
498575
283372
677461
320822
275002
396507
956127
404306
130189
261738
937567
394976
581138
604266
917947
890501
191426
624797
121600
249899
613787
665318
13585
910250
495240
954679
646295
144766
801267
907001
324588
816194
706725
2048
137015
981726
914907
609494
386031
45095
387583
839949
956422
968720
444215
874369
375573
151992
15517
497172
401891
145656
678841
931827
55905
690433
402857
702199
835198
204124
125552
159785
536669
832276
161833
673683
330353
76739
799528
716383
638185
187110
72684
594607
672182
516898
985327
47754
185241
843
61277
103483
662850
740118
35309
718754
946902
438166
420953
782099
158641
62856
941884
695309
895131
620068
885343
225483
213158
684871
458217
851342
388332
530900
962300
60513
564149
947626
624618
749390
464821
685895
852872
127670
942364
404533
846424
889265
359050
783728
671363
517690
846583
129598
729350
258065
266017
614692
483547
479174
815914
458115
846868
720598
505367
809167
781110
69515
756793
405728
335256
221613
607974
704480
349282
550337
109012
712057
955953
468061
495784
143667
502102
342366
273265
231451
116782
