332 629841
938503
469282
916071
870498
908159
27047
279732
567751
508231
753897
282011
109172
669246
776307
659320
445598
157885
493686
207537
353263
803076
135289
934093
861082
846255
38734
861710
733256
367792
700041
363096
822646
685674
279167
693143
110184
306213
489226
677935
814443
243122
959945
439966
912368
736251
99286
874317
410487
592971
598205
763749
912398
249845
214194
773479
96100
769279
151540
829355
137070
367932
708802
476067
53606
504320
169210
163789
810533
658435
841723
141327
417909
318020
581293
330276
570622
196930
720944
981109
306252
319149
261209
218649
568993
991754
508479
665092
761033
660019
10798
414454
27950
235952
890521
597907
740271
576082
761696
550803
234516
119770
208482
168776
954141
306126
499051
524763
503055
219995
505871
325658
55495
283431
544306
624487
275185
569136
805931
36217
229154
816728
450670
773456
52679
857542
887714
309302
433623
165761
860104
668139
801883
68585
353266
756023
891062
852317
280785
394116
588663
303007
236125
644157
586438
296782
784995
861622
865918
590925
414190
611423
924005
381211
901230
493035
238753
788944
802336
672375
471056
178792
856865
272938
763728
210131
545313
654790
578799
342449
565257
683813
645456
801382
844321
748245
98163
629315
609866
480432
736592
540407
608207
176948
921617
509436
186334
160369
814731
988670
349096
285787
683813
205960
75076
963892
416090
620388
618681
511240
479189
700290
195052
124644
18023
39372
872888
632537
185039
999105
112969
921630
55863
721175
98577
977479
746962
284910
654200
561693
789931
3295
363831
990095
209254
955258
953987
141696
91998
89019
652935
571186
789308
364339
212181
807330
403710
85068
439867
588748
600524
69187
26729
656386
306713
641657
150216
53674
442919
804415
131718
232849
807709
495548
739296
533315
967158
209634
675010
59155
298652
844296
146692
604312
724986
358872
927993
128696
960291
884211
233795
77166
953397
260524
249903
260109
902180
400118
830135
345098
204533
961852
94299
528593
973752
349946
61907
940909
559579
253268
516415
374582
613916
179458
978893
338901
538329
906886
983948
14971
791096
217743
92136
260845
994618
342038
37305
413149
258507
867439
274599
979391
345643
885249
507984
319394
235194
86242
776654
794772
855862
809420
685705
469777
988877
664598
808677
43557
87835
308977
58527
878930
526719
