741 966363
348780
442974
429422
332327
966266
55728
161967
184327
195378
20710
563997
766906
618982
561656
865072
22448
983278
653631
698717
690037
236905
655483
794060
775694
210796
74973
670486
40744
204061
609578
523459
552840
52552
952880
885166
18817
524959
563484
719496
236688
100545
799844
3593
235879
361499
385016
258326
861128
554998
473394
551165
791902
128876
861576
83947
339671
936549
754433
896767
140609
364010
420225
693448
932913
889456
94965
468082
414414
174800
187577
167454
275345
987420
171046
511223
865271
72414
285900
726398
627411
759293
793914
935665
404520
655490
19611
260542
592038
774043
157308
248998
654405
577532
942445
587317
466987
553761
571750
397753
728560
759326
565206
520256
263098
736251
547830
128368
325016
833729
371117
952427
109373
165031
888091
513892
820520
907701
774434
928909
198096
931741
177906
368852
25625
636702
472520
492611
706814
44270
406715
435373
803595
971920
471981
66692
224523
19810
711411
549538
369891
82528
501964
479263
763910
390054
509507
100781
814107
283940
29689
12202
732032
723946
897405
274008
876999
369924
282971
583812
414193
689685
19184
217788
661605
491164
800831
886127
510974
28594
435664
397216
111121
453980
876478
391382
360385
385984
492162
174491
186275
521850
703044
434659
762147
600448
708666
639145
970372
507988
222956
900916
197673
242139
118703
859277
249655
435886
261755
276980
464479
213770
674195
91951
667749
67024
483332
28134
453008
975493
718976
155634
13694
938372
590292
775840
55171
815310
414984
541894
323297
637939
442810
37321
396429
77864
896597
646083
513749
158351
439414
978227
372121
629960
586529
556221
696984
69860
584354
149991
45352
819682
821976
575397
758053
928620
351236
813223
260281
766219
355117
583577
920509
797926
620898
316938
875789
33846
479372
905890
708549
435138
400468
597021
65097
986997
153241
762080
56856
253947
428422
618560
73628
250398
193956
348032
695369
61544
161254
955649
344114
516370
55577
264623
830647
192826
97912
222788
226672
93635
128677
451572
528772
529144
48592
110221
516140
718184
872300
89348
488482
817074
707907
562109
583823
418214
426492
279191
479757
587746
234839
823871
620467
290415
604845
451114
483241
702756
190253
226264
796390
318929
677835
841514
848072
242778
951734
880564
960961
340385
969911
449443
157458
194169
527903
741280
612382
954395
20470
608491
58492
255308
948713
678958
62075
553557
646423
545315
772664
836675
771578
569053
671955
965764
926918
520027
208541
878651
916942
169501
219036
886852
135295
376493
81020
179550
634125
209753
133944
654594
334595
708787
426254
283307
387744
488328
836863
550519
549994
125878
903545
837923
694931
575500
803686
138200
611878
12226
16851
528819
698078
752238
932022
349725
645082
529393
529274
279206
739145
179569
450152
73740
888355
876405
873398
792450
364732
710261
342968
914725
836138
246513
752647
47420
822012
72684
701972
950241
84909
235174
479059
299338
987411
411080
649062
148844
456824
178335
944402
195968
357903
394553
786059
762609
270957
659457
555059
152040
886069
898026
66764
238558
144538
335762
802330
482901
408445
504301
433141
9705
739474
428551
309042
243236
355982
958104
908431
812805
652790
852832
525125
10693
247384
827535
289653
518340
486991
844711
670379
889411
742737
253494
127969
403626
105607
930298
402879
514051
950950
352371
40107
690423
297274
349149
450010
653255
307252
358440
982412
960041
211272
23888
487085
975007
851422
776738
493347
338413
137800
680077
227823
880536
449923
872143
800514
555529
802440
203392
585932
269741
72114
626038
476515
369387
975186
926524
538994
798789
801316
521405
275182
12587
545292
278618
987593
396713
571707
997291
251477
709507
193720
995652
106394
643642
867794
906907
199170
670234
626650
785101
456326
698764
411139
932841
584502
902676
859364
123495
701465
177031
644899
976646
189617
706542
771615
693562
619607
343322
207204
871083
52828
400923
866734
159221
560916
250880
66128
760086
921113
209129
61538
377438
907892
472676
826630
8746
891704
685994
132240
593168
863024
293491
86165
568993
32
857779
778906
135990
201100
502461
523425
770279
419736
906510
929500
980651
157389
511979
740736
594853
721107
318626
488643
145351
307653
315272
154096
199356
517617
286335
792523
896993
96177
395039
982337
612561
252818
761242
748550
970269
780054
271974
740548
199789
694836
186399
180440
852224
698377
437527
963429
935835
756152
452071
597537
63805
767342
751632
263160
801311
554319
572035
698303
650495
967073
680639
263055
736242
958232
527957
706511
738285
316282
447058
454426
11117
633456
634865
379693
848184
588743
343121
784018
861247
795191
381555
441403
78884
649538
704562
880194
720208
792948
94848
887055
760021
291838
666461
496262
250069
194417
719124
504706
510699
166181
959131
38167
315988
110347
417859
680523
699089
760979
980893
76687
556169
878799
518089
151405
528336
739003
547950
764896
531950
642798
651950
808322
934635
318410
304584
701056
512827
23707
722113
539877
706240
681243
578043
538579
307941
995902
219102
7029
273232
199994
600068
829401
595144
118156
497157
123479
857158
45106
888374
389108
204255
56675
197429
655242
375085
18364
356297
