343 15
575102619 13295757 887918160 437779973 870499650 391224293 265523770 372165149 257448041 232244769 911135777 395141157 884476168 578275627 549736994 761587293 516854020 302323490 334882314 634872993 479363750 456767640 811815946 450342405 2982743 134958239 232841746 644468670 743797302 174376590 626711716 348971349 450811227 936091505 376759481 165093370 50150926 77252774 62982690 820265522 765257100 456069178 725226503 841380831 726921797 751661127 729288422 921967465 375780888 137034964 40629238 79107149 82030996 478631119 818336639 735187694 87027428 630847129 355712659 273721898 315737806 293035821 967728254 19279169 587535684 833968755 835627057 862763749 221525722 68437888 103118420 44292511 912440244 635628537 594382430 335837875 193803522 990987406 667054331 73651050 618638567 29235426 187497396 476685235 464094664 621252684 934409409 688624573 841608577 460485544 718813272 891335598 530837837 126640488 942631630 690305090 371153668 140254370 384143063 711064861 945298907 281185826 302879143 611680160 775313083 620526940 927740309 568458513 429098820 968243838 542737340 273038014 510266587 233396368 77961759 222818924 951351539 925450992 659606432 165340544 375754129 622638786 588341666 633930311 138999703 622578763 522877087 757786941 831936552 408392172 395445416 44616434 440814080 399713555 688712994 371828592 760122782 713087145 857052363 205643121 494971675 424095222 767773873 765562592 808443324 572418077 80951193 283716349 178839578 288860083 997225055 432610123 859577938 639804704 385645435 248697463 381180581 683087773 934621077 808331130 243506523 601551868 122350514 94361536 981282993 575225725 572609445 89451487 113603471 378955939 540821923 135665353 992857441 967511269 168356786 700283835 589469014 880288714 180432729 499605024 432250864 621245983 746928041 372194372 686152515 111514615 786917002 385465627 886524217 790086842 412217265 736358585 602495202 533397669 610815419 459036263 166446728 897673228 271611629 783444091 362739355 175196290 316461789 590074822 56312952 400876441 531333875 37571796 244581767 380645177 184929170 442678937 286384876 328878833 6627100 461533346 253341947 787193843 411413942 40059333 476761504 950116834 423924527 400409263 652234225 499842440 805313764 890886713 604432292 77469273 319680520 981711903 612389897 307295848 546975665 330632466 882526140 428755189 507873860 243639863 883600647 135185451 448772063 317156390 788901155 20405230 613856832 333927453 661401317 464625383 990774576 315556023 341204362 173001005 826522976 635996557 411715841 540539884 979447381 90901111 442931355 415867912 424696415 386981434 418047174 749365148 713690076 308338854 720909393 730042397 769220988 573684962 915634357 703919426 511044894 948370148 924438053 924498209 898978686 423309025 473373254 552218944 839973582 885400682 683344933 809158606 752723429 797670212 163152819 339813374 405627474 726311714 458090918 325986400 364978518 439850800 279869142 312202334 423302269 533300619 137880547 22454819 500545861 948910951 573460124 397546941 672160451 213674900 248692990 872302190 424167040 911328306 24980257 151501880 585956988 849497631 381818120 198655314 968876212 576145253 914417391 957915389 819505155 163594729 273205583 873702625 361690039 32233673 766936360 468966670 968053925 972461772 561831977 44307396 827783237 110124161 343543064 673805600 511043990 435163476 632136502 744888305 147593605 
+ 734611927
?
+ 937070291
?
?
?
?
+ 491891528
?
+ 545867420
?
+ 776422183
+ 756760786
?
?
